-0.38048
0.39060
0.15260
0.03665
-0.80671
-0.44095
-1.34401
0.16606
-0.34423
-0.44328
-0.76648
-0.19178
0.40833
0.04391
2.56504
-0.26356
0.09841
1.71799
-0.37878
-0.33428
0.62384
-0.13494
-1.92260
1.79006
-0.19840
-0.03157
1.37761
-0.52564
-0.34376
-0.41806
-1.19843
0.06227
-0.82965
-0.47171
0.37161
-1.12222
-1.79473
0.66870
-0.14432
0.05179
0.73250
-1.52223
0.21528
1.21112
0.43887
-1.70065
0.65097
-0.04618
-0.68744
-0.32663
-0.56963
0.10513
0.43960
0.85097
0.08799
-2.41210
-1.30686
2.09488
-0.08981
0.83808
0.64525
0.14672
-0.51687
-0.26583
-1.03019
-1.26233
-0.20692
-0.47188
0.06377
-0.19511
-0.82577
0.70316
1.53765
0.38566
0.53356
-0.15231
0.16582
-0.09568
-0.21870
0.11532
-0.36398
0.27535
2.26487
0.18749
1.81385
0.39609
1.46329
0.42516
0.32456
0.61225
-1.13654
-0.60197
1.17359
-0.58585
-0.56614
-0.60637
-1.43712
-0.56459
0.26958
1.89516
-1.98016
-0.60472
2.21540
-0.87449
0.41764
0.37792
-0.58274
-0.52728
0.92473
-2.42619
0.29277
-1.38819
-1.16505
-2.14141
-0.99845
-1.15657
0.37328
-0.47841
1.20361
-0.32413
1.25268
0.56057
0.65620
0.58005
0.46224
-0.38322
-1.26147
-2.11769
-0.12777
2.00999
-0.25727
0.02431
0.77616
0.57455
-0.41584
1.81239
-0.32877
-0.01933
0.39005
0.25797
-0.73839
0.51084
1.70192
-0.96704
-0.29485
0.58292
-1.04941
-1.05018
-2.06287
1.15007
-0.50540
-1.31715
0.27313
-1.15930
-0.00560
0.94963
1.17319
0.21268
-1.72132
-0.25660
0.21007
-1.08371
-0.72917
-0.19456
-0.56461
-1.01688
-0.01293
-0.15666
0.15919
-0.42559
-0.81556
-0.25794
0.96000
0.39354
0.19900
-1.28656
-1.10569
-0.67662
-0.35545
0.14143
-0.23772
1.11012
-0.62797
-0.82497
0.44315
-0.08729
0.46082
-2.26355
-0.05541
-1.75461
1.48534
-0.99380
-0.39685
-0.41857
-0.18521
-0.53997
0.46317
-0.65902
-0.90533
0.67929
-0.61536
0.51206
0.50599
1.41382
-0.54379
-2.46017
1.11600
0.09380
-0.74692
0.86649
0.63725
0.97676
-2.17625
0.19080
-1.62506
-0.89178
0.40069
-0.72017
-0.55956
0.92000
0.43511
-0.63001
-2.75190
-0.07563
-1.57299
0.74231
1.00382
-0.58682
-0.38908
0.51476
-0.56666
1.36049
-1.00124
-0.30346
-0.35818
-1.37112
-0.14581
-0.40666
0.37513
-0.82817
0.69521
0.17173
-1.29362
-0.33618
-0.72553
-0.20215
0.27056
-0.05781
-1.44345
-0.70852
-1.29156
-1.41912
-0.05125
-1.06212
-0.73459
-0.51026
1.10757
0.96794
-0.58173
0.94028
0.72976
-0.41714
0.67801
-0.12524
-0.49234
-0.29687
1.42446
-0.89617
-0.56548
0.25776
-0.39907
-0.77926
-0.71379
0.93148
-0.22044
0.71610
-0.83927
-0.89169
0.49872
-2.16255
0.27035
-0.17591
2.72945
0.18555
-2.02752
-1.52506
0.65900
0.39122
-1.67243
-0.35939
0.33621
1.97484
-1.15939
0.34859
-0.38360
-0.32331
2.02553
1.29753
-1.92375
1.58765
0.66154
-1.09399
-0.53864
0.36684
0.54235
-0.13806
0.60169
0.37403
0.32217
0.16777
-0.19211
-0.38324
-1.38148
-1.35667
-1.22660
1.15592
0.79673
-0.46211
-0.16384
-0.52406
0.87597
-1.45816
0.67332
-1.55844
0.61791
-0.28329
0.11403
-1.22599
0.09505
-0.61714
2.03975
-1.48063
1.51466
-0.94296
-0.56027
0.30640
0.25925
2.32999
-0.57328
-2.32172
-1.10108
1.88313
0.50380
-1.96134
-0.48588
0.93686
0.32397
0.33472
0.63740
0.85682
0.95134
1.03096
1.09906
-1.09111
1.59193
1.55628
1.62655
-1.04218
0.82175
0.27320
-1.63597
0.90572
0.73858
1.51384
-0.46660
0.07971
2.15235
-0.99480
-1.53548
-1.31851
0.81834
2.59661
-0.82449
-0.63309
0.04533
-0.42247
0.37592
-0.69227
-0.83977
0.67490
-1.42114
-0.52900
0.33062
-0.62961
2.14328
0.73259
0.39929
0.17559
-1.68033
2.21787
1.84132
1.52711
-0.49673
-1.13157
0.33537
0.49380
-1.05550
-0.22735
-0.25681
-0.38284
0.51843
0.57616
-2.15870
-1.55261
1.32075
1.10037
0.34035
0.79700
0.23148
1.63858
0.43107
-0.77729
-1.91909
1.59924
1.88228
0.45515
-1.69354
0.46861
1.08896
-0.57562
0.10837
-0.27226
1.57659
1.69237
0.59439
-0.72558
0.56074
1.06302
0.25238
-0.99252
1.97494
1.58401
0.08559
0.53095
0.09545
2.14584
-1.98581
1.31297
0.91044
-0.07282
-1.21524
0.94460
-0.87587
-1.37058
-0.28531
1.14768
0.92011
0.34756
-0.27686
1.63726
-0.63528
-1.96651
0.15040
0.81799
0.16367
0.88697
-1.46545
-0.59730
-1.33655
0.12162
0.94317
-0.40246
-0.08869
-0.95056
-0.48739
-0.62131
0.90361
1.11241
0.41742
0.49993
-0.75542
-0.98976
-0.77321
0.53638
-2.16655
0.17204
-1.79873
1.12917
1.09553
1.28748
0.24662
-1.04073
-0.34764
1.07257
2.35896
-1.10992
-0.66251
0.71634
2.97367
-0.34443
0.29558
-0.91826
1.43127
0.71757
-0.71601
2.13715
2.98214
0.16938
-0.01089
1.66247
-2.56665
0.17119
-0.61970
0.87061
-0.79196
1.23091
0.54483
1.12166
-0.74308
-1.07046
-0.88263
1.18796
0.49793
0.14789
-0.08128
-0.95549
0.92871
0.40561
0.25135
0.40532
1.16331
-0.62802
0.38211
3.01027
-0.19976
-1.42378
0.01174
-0.11406
-1.30643
0.13109
-2.04684
-1.57416
0.68410
1.16849
0.19287
0.05441
-0.41751
-1.21615
1.49301
-0.03536
-0.83146
0.42231
0.56569
0.21938
0.31261
-1.17413
2.20450
1.00225
-0.28228
-0.17186
2.16207
-0.42215
-0.33463
-0.34582
-0.78229
-0.03735
-0.45860
0.44347
0.24356
-0.74176
0.32723
-0.60615
-1.26803
0.01625
1.15218
-0.30280
-0.32035
-0.41109
0.22021
0.39552
-1.39642
-0.43534
0.92368
1.46717
-0.59994
-0.60003
0.38633
2.34611
-0.64180
1.73539
-1.33310
-2.22319
-2.79000
-0.02928
0.64260
-0.33961
0.09463
1.15566
-0.33195
-1.73271
0.80717
2.12859
-1.36265
2.12218
0.38244
-0.42544
1.16841
-1.13758
0.00692
0.76955
-0.20852
-1.22265
-0.65830
0.89540
-0.66978
1.63099
-1.03880
0.95319
0.19012
0.75038
0.09142
0.13754
0.43228
3.14071
-0.37467
-0.94447
0.58478
-0.47287
0.63849
-1.16708
0.29407
0.67353
-0.58988
-0.05276
-1.01755
0.35243
-0.63490
-1.47857
-0.53224
1.37306
-1.48296
1.67344
-0.89850
-0.69098
0.95839
0.06220
-0.71632
-0.52308
1.00768
0.14763
0.77007
0.26433
0.80867
-1.53853
-0.18171
1.50961
1.49470
0.61225
-1.69334
-0.16705
1.62863
1.38393
0.15370
-0.79000
-1.20878
-1.24903
0.29397
0.99535
-0.72454
-0.47079
1.71143
0.43673
-0.23915
1.00237
-1.05674
-0.52755
0.76010
1.85593
0.20717
-1.80932
-0.37529
-0.23826
0.44805
0.42334
-0.17656
-1.23904
1.15515
-1.12417
-0.08522
1.14057
-0.64753
0.34221
0.07403
0.34127
0.11412
0.42205
-0.77187
-0.99356
0.66071
0.06343
0.78159
-0.09152
-0.16158
-0.97943
-1.90863
1.01553
-1.17959
1.92725
-1.10633
0.73087
-1.36544
-1.73228
1.29246
0.05690
1.83139
0.36487
1.63814
0.87263
-0.45095
0.94335
0.83971
-0.67372
-0.32832
-1.31860
-0.11150
-1.16116
0.97178
1.14936
0.95255
0.80704
1.48923
-0.87789
0.20893
-1.09756
0.71221
0.23127
-0.26578
-1.85718
1.41813
1.39539
-0.47397
1.89635
1.07529
0.41526
1.12120
-0.50826
-0.94929
-0.68796
-0.22808
-0.93957
0.39093
-0.23633
0.95935
-1.28325
0.52059
0.95470
0.42007
0.53422
-0.78341
1.47282
-0.39376
0.63233
-0.02021
1.51494
-1.37623
-2.29534
0.61697
-0.94315
0.90576
1.82331
-0.06637
-0.68765
-0.78456
0.32778
0.52957
0.40500
-0.46782
-0.39681
1.61002
-0.14055
0.61035
0.10480
-0.66579
0.63506
-0.90153
1.47878
1.27821
1.93095
1.42846
0.29836
0.82732
2.73606
-0.30365
0.59840
0.33371
0.72479
-0.98554
-1.26899
-1.66454
0.10692
-0.01886
-0.61329
-0.49206
0.02549
-0.35979
-0.30032
-2.03529
-0.02581
-0.34207
0.24194
-0.91411
1.88779
-0.45124
-0.71503
-1.22826
-0.37804
1.96442
-1.00778
-1.08269
0.67182
0.51321
1.03652
-0.35903
0.19444
0.39689
1.12005
1.48428
0.66517
0.72056
-1.50529
0.97886
-0.29657
0.95801
0.49854
-0.05814
-1.57751
-1.82675
0.11334
0.80587
0.38410
-0.45885
-0.16752
-0.74374
0.90429
-0.30036
1.60564
-0.13604
-0.09505
0.44740
0.72776
-0.33021
-0.48395
2.48105
0.46650
-0.20457
1.59415
-1.61414
-0.77403
1.10047
-0.09228
1.46856
-0.86839
-1.41156
-1.66912
0.34878
0.89381
0.30645
0.01826
-1.45559
0.93884
-0.53389
1.47439
-1.17580
1.29789
0.08657
-0.13370
1.79267
1.34908
-0.53133
-0.84486
-0.46862
0.08013
-0.13820
0.12985
0.33484
0.92962
0.70772
0.97836
-0.42894
-0.07773
0.01823
2.02521
0.17589
-0.77623
0.60911
0.93290
0.35010
-0.16363
0.04472
-0.59135
-2.26596
0.30302
-0.14297
0.16222
0.87592
-0.95795
0.69873
-0.95848
1.21528
0.48901
0.88925
0.75427
0.19891
-1.33661
0.40644
0.78553
0.51720
0.95974
1.31073
-0.21520
0.88518
-0.81584
-0.22041
-1.57553
-0.58921
0.62631
0.14164
-0.26232
0.14976
-0.40550
1.18457
-0.13315
-0.73184
-1.28404
-0.88110
-1.39830
0.89872
1.18010
-0.17799
0.32933
-0.82278
-0.47046
1.44792
1.74225
0.09117
1.14215
-3.01786
-1.08749
-0.15130
-0.08109
-0.82267
-2.07013
-1.48408
-0.89071
1.65107
-1.27699
-0.38769
0.68169
-1.06216
0.29451
0.13157
-0.59192
-1.66237
-0.06651
0.33205
-0.57094
1.11468
1.53598
-0.25173
0.00204
0.12429
-0.49281
1.75659
-1.50164
0.08276
-0.09653
-1.80343
0.54536
-0.57581
-0.91240
-0.73979
0.48445
1.03968
0.46704
-0.43902
1.23108
-0.79617
-0.73618
-0.14156
0.20216
1.04453
-0.10687
0.41849
-1.65623
-1.31391
0.37546
0.88880
0.06995
0.13763
0.90269
-0.53118
-1.29147
0.44872
-0.59264
-0.14776
0.60513
0.93628
1.07405
0.37062
0.36195
-0.43632
-1.65744
-0.15817
0.72001
-2.19142
1.08913
0.48082
0.54737
-0.93384
-1.32890
-0.45969
0.66064
0.45375
-1.85078
-0.56663
0.95910
0.82634
0.07369
0.46144
0.43012
-2.27002
-0.54758
-0.33631
-0.38660
-1.20110
1.26960
0.06471
-0.96481
1.07367
-0.76265
-0.04582
1.11027
-0.51911
1.42830
-0.01138
-1.66378
2.16941
0.24147
-1.58707
-0.23565
-1.12092
-0.02651
-0.60074
-0.02948
-0.09106
-0.03017
1.18770
-0.57778
1.14532
-0.22157
1.13271
-0.35552
0.61306
-0.14845
0.25764
0.60597
1.04137
-0.52191
2.06826
-0.87107
-0.35454
-0.14330
0.11283
-0.88801
-0.53443
1.07802
-1.19651
-1.49292
-0.41039
-1.10084
-1.15216
-0.14401
-1.27815
-1.51200
-1.28326
0.61660
-0.63337
-0.13114
-1.59660
-0.57765
0.94810
1.32465
-1.59344
-1.01569
-0.97546
0.16152
0.93590
-1.06426
1.17144
-0.45068
-2.62992
-0.49215
-0.12716
1.98671
0.15411
0.88304
-0.20821
0.20379
1.52789
1.22650
0.23055
-0.04254
-0.88522
-0.79465
-0.94006
2.27645
0.83542
0.43127
-0.26446
0.21839
-0.95505
-0.73853
-1.06769
0.95259
-0.98592
1.97134
-1.24367
1.88712
2.56642
0.82657
-1.76466
-0.00753
1.35568
0.90392
-1.06244
0.04274
1.79209
-0.25610
1.09697
-0.26290
0.20109
-0.11693
1.45476
1.37881
-0.62019
-1.07823
-0.60856
-1.07974
-1.42384
-0.41896
-0.93538
0.48469
1.22467
0.10091
0.69010
1.16191
-1.05237
1.98524
0.05030
0.56037
1.23909
0.10938
2.13890
-0.26390
-1.70076
-0.03512
1.15797
0.42898
0.70288
0.19786
1.03693
0.61004
0.75737
-0.02094
0.48604
1.95120
-1.60581
-0.41880
-1.95752
-0.23504
-1.33610
-0.14325
1.10131
-1.23999
-0.56290
0.02335
-0.41232
-0.35589
-1.07045
-0.08973
0.51994
-0.60305
-0.06707
0.28057
-0.44089
-0.92901
0.66663
1.06662
1.19203
0.49563
0.49498
0.20666
-0.54936
0.91969
-1.24169
0.97182
0.01871
-0.20905
-0.18491
0.98116
-0.60301
-0.96100
-0.06260
0.97812
-0.05789
-0.21080
-1.03778
-0.18722
-0.62583
1.09839
-1.21169
0.43012
-0.33942
-0.00324
0.08550
1.66514
-0.57369
-2.78383
2.45408
-0.29052
-1.13785
0.79246
0.09351
-1.08248
0.17370
-1.80291
0.34978
-1.76261
0.39704
0.28900
1.17506
-0.93992
1.54896
1.10473
-0.11858
0.67071
-0.54582
-0.37407
0.12297
0.45344
-0.79840
0.21955
0.24451
0.16529
0.89472
-0.07450
0.88130
1.19439
1.48560
-2.13357
1.50129
0.45452
-1.21802
-1.09614
0.25745
0.44282
-0.29636
-1.04376
-0.46856
0.89510
-1.73677
0.16804
-0.61986
2.06305
-0.11607
-0.17685
-0.76756
-0.02189
-1.07878
0.34308
0.66510
0.69007
0.03313
-0.26506
-0.28074
-0.19478
0.90106
-0.09525
0.29170
-1.84592
-1.83623
-0.78516
-1.12351
0.82882
-1.80690
0.22902
-0.24738
-0.22585
-1.64150
-0.51785
0.36607
-0.81726
1.61681
-1.50435
0.16605
-0.16788
1.62009
-1.03033
0.72564
1.39647
-0.62187
-0.83210
-0.50810
0.42117
0.56425
1.45015
-0.57047
0.10878
-1.15016
0.06714
-2.34504
-0.92318
1.82643
-0.73657
-0.94568
-0.01583
-1.39620
-0.70283
-0.63757
-0.00799
-0.74688
0.03932
0.28992
0.08336
-0.30262
1.34116
0.04766
-0.77129
0.31717
-0.46924
0.15733
-0.40470
-0.02311
0.75716
-1.28252
2.43416
-0.26856
-1.27250
-1.77926
-0.09149
-0.03567
1.67829
-0.14111
-1.18147
-0.71559
0.05769
0.02339
-0.67563
0.18023
0.34241
-1.26432
-0.78918
1.49256
-1.37260
-1.33056
-1.33618
0.12481
-0.68257
-0.61757
0.68222
0.74504
0.15127
0.13316
2.16936
-1.05425
-1.49211
-0.28473
0.23985
-1.19645
0.52210
1.78271
0.21404
0.26148
0.01083
0.09996
-1.33577
1.25983
0.42987
1.66754
0.67413
2.15220
-0.57190
-1.09303
0.34703
1.86902
-0.74449
-0.42968
0.58744
-0.05146
-0.27180
0.48784
-1.31005
0.05473
0.15410
1.64631
1.32300
0.68986
1.38552
1.59643
-0.34135
0.70440
-0.48059
2.04949
0.23767
-0.30381
-0.41401
1.16235
-1.34646
0.71858
1.45292
-0.51801
-0.07299
1.35732
0.02629
-0.47788
0.80546
0.11217
1.18397
2.60803
-0.12211
1.80862
0.78432
1.47842
1.03028
0.22268
1.40524
0.98294
-0.54339
0.58898
0.65488
0.47251
0.17008
0.97281
-1.07035
-1.75184
-1.27393
-1.12035
0.33607
-0.57258
-0.88386
-0.08061
-0.61383
0.34670
0.02455
-0.89406
0.57760
-1.94949
0.72671
-1.36698
0.02214
-2.51592
1.65329
-1.95847
1.42828
-1.52250
-0.12617
-1.25345
0.20948
-2.02343
-0.98112
0.87929
-0.51458
0.26242
-0.38341
-0.95207
0.81390
0.45279
-1.49539
-0.77572
-0.78909
-2.39978
1.88309
-0.37817
1.43242
-0.23923
-0.25772
-0.45840
-0.89955
-0.35887
1.49712
0.44067
0.11002
0.13737
-0.56833
1.38090
0.77288
0.34854
-0.04397
-0.07460
0.29291
-0.17106
-1.09766
1.01888
0.15476
1.13134
-0.94492
-0.17279
0.36491
0.70325
1.56470
0.37512
0.19692
-0.94429
-1.18962
0.34912
1.42746
0.67341
-1.15121
1.29529
-0.93257
1.07602
-1.85038
-1.55273
-0.31263
-1.47071
0.49166
2.44620
-0.66530
0.30373
1.10784
-0.56508
0.68691
-0.64427
-1.42107
0.11346
-1.33597
-0.17045
-0.92855
1.43686
-0.31864
1.06157
-1.52959
2.31238
-0.61329
0.91640
-0.03395
-0.06388
-0.15329
-0.42077
-1.87539
-1.40827
-3.28271
-0.52730
1.27968
1.81627
1.89953
0.26722
-1.66715
0.68030
-0.48112
-2.56284
-1.71191
-0.34637
0.59966
0.51819
-0.71899
0.52129
-1.03223
1.26776
0.08973
-2.13690
-1.20445
0.58473
1.50894
-0.68141
1.06669
-1.62051
-0.30232
-1.50925
1.03974
-0.36087
-1.33861
-1.82518
-0.14548
1.59522
-0.23509
0.61959
0.18470
0.44864
0.01176
-1.13281
0.52943
-0.19193
0.24353
0.35374
0.26587
0.27611
-1.29213
-0.86417
1.23238
-0.23445
-0.68416
0.15207
0.13187
-0.15390
-0.73420
0.70417
-0.50078
0.75192
1.06328
-0.81601
-0.19553
-0.07442
1.22904
2.26207
0.35516
0.58839
-0.54227
-0.25420
-0.55087
-0.17465
1.71507
-0.49380
0.41089
0.35047
0.19877
-1.24105
-1.40676
0.43583
-0.95886
-0.29573
0.14171
0.08642
-0.21979
-0.52399
0.45377
-0.36164
1.10806
-0.70713
-0.83203
0.88340
-0.42003
-0.27638
0.23437
-2.40217
1.20402
0.06727
-0.09312
-0.72223
0.07808
-1.74259
0.56150
-0.41401
-0.62734
0.49524
-1.52839
-0.77437
-0.44503
-0.23146
1.86521
0.55038
-0.63060
0.66636
-1.95937
-0.68129
-0.14966
-0.08945
0.33547
0.34083
-0.95342
0.10786
-0.58752
-0.83612
1.45668
-0.66369
0.03018
0.88756
-0.34099
1.41871
0.16709
-0.16981
0.09727
0.18859
1.00374
0.86149
1.64457
0.84117
0.63678
1.78727
2.57530
-0.89475
0.87391
-1.86147
-0.34474
-1.14720
-0.67714
2.20300
-0.24205
0.87189
-1.17788
-0.30752
0.00068
0.46064
-0.94656
-0.81100
-0.84967
-0.80965
1.39921
0.48369
0.33330
-0.90077
0.25042
-0.68034
-2.05220
2.96304
0.61410
1.30935
0.15584
0.81616
1.39936
0.36570
-0.37700
-1.28909
1.86148
-0.05515
0.76824
1.33499
1.36277
0.91478
-0.71427
1.08467
-1.27861
0.42350
0.05354
0.95538
0.25661
-0.46542
0.73243
-0.50439
-1.67062
-0.72626
-1.47397
0.50272
-0.54937
-0.15454
-1.15268
0.64044
1.32875
-0.89607
-0.82952
-0.54964
-0.36405
1.29842
0.42171
0.66268
0.36105
0.31153
0.80038
-0.60543
-1.58543
-0.45742
-0.06128
-1.08734
0.83082
-1.99484
0.31160
-0.25312
1.32768
0.86522
-0.99474
-0.73947
-1.64427
0.82977
-0.21941
-1.85864
0.21299
0.45552
0.12209
-1.00456
0.05197
-1.21277
-0.67430
-0.71443
0.52376
-0.61096
1.26635
0.52694
0.84634
-0.24163
-0.07985
-0.65837
0.33798
2.01344
-1.78110
-0.10681
-1.53014
-0.90265
0.28882
-0.03778
-0.16309
1.06282
-0.87649
0.88578
1.55136
-1.08092
-0.99101
-0.46559
0.42930
1.05783
0.20946
0.14197
-0.80981
0.67183
-0.95921
0.40974
0.87812
0.43939
1.70852
-0.19564
0.91508
0.84344
0.25255
1.33617
0.34269
-0.54321
0.75636
-0.39245
0.60567
0.86352
-1.99341
-1.35806
1.74347
0.67654
-0.39493
0.00968
0.76270
0.78835
0.61963
-1.43498
0.25897
0.91616
0.94744
0.10585
0.52506
-0.54229
0.63813
2.05647
-0.37374
0.07598
-0.46444
-1.10140
0.23740
0.44592
-0.32162
-0.13570
0.56829
1.13922
1.78941
0.09526
0.06276
1.24159
0.50825
0.31157
0.03138
0.06638
2.45654
1.82186
-0.23971
-0.01697
-0.48221
-1.13024
0.55104
-0.06163
-0.08282
-0.51256
-1.39423
-1.87731
-0.20030
-0.09986
0.06127
-1.71107
0.20553
0.63455
0.27621
1.23661
0.17498
-0.39028
0.18588
0.66017
-1.61671
0.48749
-1.14484
0.33019
1.09572
-1.10166
-1.45422
1.16582
-2.04393
0.16606
-0.44565
-0.60593
-1.40450
0.99590
0.31709
-0.61837
1.04461
-0.18441
-0.71723
0.60725
0.36883
0.22811
-1.03587
0.48121
0.80884
0.13859
0.57053
-0.63246
-0.00208
-0.82202
-0.35457
-0.81972
-1.02404
1.86283
-0.63800
0.14315
-1.49270
0.03959
-0.72342
0.63011
-0.90620
1.86459
-1.35452
0.09671
1.61757
-0.26176
0.00051
0.42598
-0.44087
-0.53817
-0.83023
0.41342
-1.52706
-0.89655
-0.19797
0.25200
-1.67461
-0.14625
0.12246
1.04533
0.64390
0.50966
-0.10512
-0.59011
-0.22379
0.89156
-0.05042
1.20012
0.69064
0.34445
0.63604
1.93572
-1.30127
-0.20278
1.12366
2.16439
1.01143
-1.71463
-0.06969
-0.30967
-1.15890
0.19365
-1.86691
-0.61359
0.38167
0.22795
-0.77178
-1.70931
0.19316
-0.83608
-0.14540
1.00570
0.64586
-0.88626
0.04276
0.32920
1.76637
1.15347
-0.31047
0.62313
-2.81338
0.18504
1.34401
0.56218
-1.13271
-0.47462
0.87607
0.85391
1.57330
0.98091
-0.43660
0.69814
1.63432
-0.71326
0.34923
-0.09096
-0.79229
-0.88863
0.16263
-1.36447
0.94163
-1.21004
-1.09344
0.62113
1.07232
1.27777
-0.66274
-0.01207
-1.07897
-1.56595
-0.28791
-1.04240
0.26380
1.46921
0.43655
0.64713
-0.54864
0.94059
0.37508
-0.20356
0.04425
1.13338
-0.38248
0.12038
1.40667
0.94589
0.77206
-0.64799
-0.43390
0.00794
-0.05693
0.61670
-0.28033
0.11842
-0.15268
0.89592
0.32814
-0.45710
-1.40035
-0.85441
-0.85965
1.18679
-0.72374
-1.65831
0.89191
0.13045
0.08311
-0.74676
-1.08990
0.05821
-0.80092
-0.90330
-0.55067
-0.75100
0.44370
-0.47625
1.32041
-1.14007
-1.34150
-0.63184
0.23558
-0.15969
-0.76605
-1.39257
0.25820
2.01771
1.10582
-1.16818
-1.77548
-0.27814
0.93457
-1.17984
0.96590
0.85291
0.88419
-0.99135
-0.95571
-0.56844
-0.60310
-0.42590
1.19855
-0.88184
-0.12792
1.36694
0.14263
-1.70717
-0.05068
2.69430
-1.29986
0.79577
1.08447
-2.28565
0.06938
-0.98701
-0.75610
0.76975
-0.17445
1.42468
1.18222
-0.39781
-0.21328
-0.83448
-1.41653
0.81383
-1.68884
0.97366
-0.56068
-1.21157
0.05480
1.44654
1.27334
1.69041
0.66505
-0.35155
0.52971
-0.40213
-0.19332
1.67417
0.50974
0.22766
-0.18689
-0.21562
0.35459
-0.27788
0.76831
0.20656
-0.75855
-0.66217
0.02569
0.05408
0.19921
0.47753
-0.21721
-1.13926
0.28883
0.46892
0.06996
0.39759
0.67983
-0.89358
-0.27688
-1.27495
-1.93623
0.33165
0.43020
-0.56469
-0.88062
-0.26648
1.17607
-0.54573
-0.05040
0.43007
-0.81197
-1.39567
-0.63597
-0.86991
0.04540
-0.03320
0.27816
-1.09681
0.76859
-0.75362
0.28600
-1.05836
-0.78951
0.24234
-0.45308
0.68213
-0.28938
-0.27516
-0.57919
-0.36344
-1.25669
0.17523
-1.02349
-0.84178
0.21404
-2.38687
-0.26766
0.05816
-0.86257
-0.66345
-0.85730
-1.00796
-1.14839
-0.83629
-0.44465
0.61871
-0.65024
1.56292
0.29892
-0.50384
1.31923
1.03708
1.34109
1.33982
-0.12430
0.32603
0.47663
-2.85576
-1.30863
-1.37908
0.46006
-0.90075
0.26629
-0.77790
1.40374
1.49946
-0.34117
-2.33097
0.16870
-1.21627
3.06255
-0.14705
0.79355
-1.59580
0.73417
0.75210
0.98782
2.20124
1.25293
0.11259
-1.11227
1.61914
-1.34088
-1.52484
-0.22876
0.57705
0.75706
2.09073
-0.43122
0.25504
0.18789
1.69616
2.27545
-1.30084
-1.44538
-1.17279
-1.06192
0.97879
-0.72882
-1.38445
-0.98729
0.18867
-0.40975
-0.80629
-0.54206
-2.08398
-0.99633
0.50739
0.83307
1.12403
0.54862
-1.80572
-0.81132
0.61227
0.06252
-1.26470
-0.17100
-1.60982
0.23768
0.16715
1.61713
0.05783
-1.81782
0.96365
0.27501
-1.78761
1.37396
0.72916
0.88218
1.66493
-0.05561
0.45570
0.29722
1.90577
-0.51104
-0.16133
0.91845
-0.56321
1.51037
0.79612
0.56993
1.83850
-0.12563
0.10445
-1.32868
-0.36781
0.56718
1.00128
-0.32872
-1.07344
2.03247
-0.99036
-0.73722
0.75818
0.00876
-1.26394
0.10630
-0.14931
0.80811
-0.92047
-1.48520
1.66773
0.87038
-0.72897
2.64385
1.45169
-0.19996
-1.16435
-0.93292
0.55898
-1.41180
-0.27219
-1.07882
0.53884
-1.43858
0.16288
1.18327
-1.04075
-1.28349
0.52666
-1.41240
0.63353
0.30577
-0.73442
-0.28675
-2.05711
-1.82484
0.58706
-0.26616
-0.82195
-0.40645
0.81153
-0.09578
2.46822
0.22307
0.01290
-1.46258
1.76665
0.10005
0.68766
-0.33790
0.00191
-1.00465
0.41084
1.80107
-0.67801
-0.93106
1.60618
0.46506
-0.74056
-1.21750
-0.61723
0.32638
1.20137
1.48622
1.27537
0.99208
-1.61602
0.28319
0.49476
0.93966
0.52891
0.27352
1.75860
0.11263
-1.59180
-1.25777
0.17076
0.87052
0.22603
-1.53051
0.99810
0.58504
0.65920
-0.64122
0.85746
-1.08221
-0.77051
-1.31185
-1.48523
0.66029
0.45771
1.90936
0.52491
0.21605
0.49120
-0.50380
-0.88352
-0.50956
0.26806
0.15644
-0.54848
-0.75858
0.25513
1.49423
0.62704
1.16047
0.94278
0.22277
-0.28897
-0.14306
0.66179
-0.35576
-0.66238
-0.56217
0.56009
0.35606
-0.14067
0.76715
-0.34574
0.71077
-0.49834
0.29488
-1.41855
-1.04566
0.89712
0.80312
-0.00122
1.17258
0.23557
-0.96380
1.32050
0.24104
-1.32519
-0.55411
0.28201
0.30470
-1.16762
-0.17131
-1.28989
-0.22433
1.35749
-0.77199
-1.14567
1.19256
-0.30699
-0.26434
0.57348
-0.33204
-0.75506
0.23728
-0.99768
-0.53106
0.43898
-1.15595
0.32050
-0.15508
-1.72636
0.72167
0.64086
1.35694
0.60463
-0.51918
-1.97613
0.20988
1.05329
-0.61855
-0.00248
0.14905
0.25142
1.06395
-0.03098
0.33674
-0.40459
0.79885
-0.39712
0.97143
-0.19664
0.34026
0.48804
-1.22587
0.49402
-0.74758
0.16165
0.88507
-1.61437
1.37502
-0.63616
2.45407
-1.12098
0.68036
0.48946
-1.01668
-1.01675
0.51931
0.05006
0.93969
-1.61954
0.39553
0.13989
-0.76590
0.32702
-0.90160
0.17544
1.61362
1.65850
0.56363
-0.11083
0.58267
1.85485
1.24185
-0.91833
-1.42351
0.87075
1.65894
-0.62106
-2.07003
-1.34336
2.35243
-1.24171
-0.67077
0.38409
0.17871
-2.59435
2.48304
0.84819
0.22434
0.22975
1.18271
1.32957
0.38931
1.25192
-0.81776
-0.59412
0.03459
-0.90536
-1.80690
-0.22579
0.22173
-0.68381
1.67739
1.71027
-0.92077
-0.30357
-0.19199
1.00486
-1.42305
0.04586
-0.36756
0.67769
0.02674
-0.93671
0.39158
-0.63383
0.48308
-0.79304
-0.25690
0.24457
0.02513
0.41751
1.39964
-0.09454
-0.93851
-0.34795
-0.92823
-0.94999
0.44379
-1.09768
-0.21144
0.00890
1.17230
-0.72922
0.17639
-0.29467
0.76259
0.97836
-1.00772
0.42622
1.92216
0.36815
-0.72009
0.10692
-1.05877
1.61974
-2.86788
1.81717
0.09199
1.48825
-0.49751
0.62951
0.45821
0.36520
1.19966
-0.56509
-1.55395
0.77441
0.19516
1.27731
-0.44134
-0.61891
0.99567
-1.33190
0.15620
1.00557
-0.33811
0.34979
-0.67800
0.92194
1.30578
2.74140
1.15738
0.46211
0.48576
0.19544
-0.22840
2.24135
-1.51127
0.21868
1.32754
1.03009
-0.70896
0.66957
-2.57534
-2.10130
-0.30608
0.61998
-0.18540
-0.09326
0.50390
1.07341
0.60965
-0.06674
-0.32507
-1.09622
2.07829
-1.00728
0.80930
0.86640
1.03891
1.02026
-0.58245
1.35044
-1.15888
0.76520
-0.90129
1.92703
0.89920
-0.58111
-0.37148
-0.40446
-1.94293
-1.58402
-0.53296
0.19141
-1.58291
-0.16728
-0.82278
1.19774
0.23825
1.75479
-1.02086
0.23766
0.79104
1.87016
-0.13763
0.22173
0.85134
1.00570
1.27991
1.13445
-0.05025
-0.85286
-0.05779
-0.69501
0.42972
0.89502
-1.80634
-2.03917
-1.80073
-0.06579
-1.87560
-0.83169
0.24260
1.72472
0.42654
0.47942
0.51260
-2.01096
-2.11705
-0.03586
-1.43667
-0.85679
0.30512
0.03599
2.28538
0.83424
-0.27867
-0.79037
-0.84823
-1.25688
-0.86991
-0.02060
1.92017
1.02858
0.69520
-1.55388
-0.11349
2.48966
-0.48922
1.63054
-1.11052
0.62642
0.89940
-0.41070
-0.48232
-0.69711
-0.52781
0.46543
-0.65684
1.34066
0.84842
-0.09721
0.12751
0.78382
1.70952
-0.07851
0.36755
1.00472
1.53966
0.79425
-0.88993
-0.03679
0.22643
-1.66490
0.48708
-0.73614
1.58165
0.91889
-1.45453
-2.14038
-0.94494
1.55225
0.95924
0.65185
-2.41429
-2.49849
1.87703
0.36833
-0.50950
0.07774
-1.07513
1.63261
0.53383
-0.42236
0.47503
-1.52867
1.08850
0.10362
0.32394
0.02414
0.10243
-0.06216
-0.44126
0.11076
0.20287
1.57903
-0.60277
-0.57607
0.38268
0.09470
-0.50286
-1.34743
0.45576
1.13702
0.32771
-0.85047
-0.13594
1.36527
-1.08959
1.05676
-0.73855
-0.01039
1.01544
1.00466
-0.07050
-0.31104
-1.73439
1.45377
0.27032
0.46055
0.59887
-0.59890
-0.70675
-1.85250
-0.38471
0.61122
-0.12181
0.45627
-0.82647
1.34833
-0.68160
0.77520
-0.31012
1.38939
-1.09182
0.35034
0.81105
0.27352
-0.08198
-0.34403
-1.04087
1.36341
-1.34681
-1.36751
-0.38158
1.83392
0.05219
-0.30203
1.73461
1.50528
1.22075
-0.34259
-1.24834
-0.66403
-0.09992
-0.17078
0.24350
-1.04840
0.16225
-1.27561
0.29503
-1.74793
-0.17154
0.75414
-0.54285
-0.39513
-0.81230
-0.10504
0.74059
0.89035
-0.29869
-1.46609
-0.35297
-0.04852
0.77032
-1.78322
-0.46026
-1.10145
0.85913
-0.11145
-0.64589
-0.55395
-0.81720
0.74109
1.60154
0.07220
-0.68097
0.33152
-0.26636
1.86806
1.17728
0.97356
-0.30000
-0.21343
-1.12779
1.24006
-0.82254
-1.00212
-0.00814
-0.37798
0.22203
1.90042
-0.34380
-0.03996
-0.60755
-0.09281
1.78848
-0.20857
0.64024
-1.27986
-0.48843
0.12565
0.14525
-1.55471
-1.84296
-0.77932
0.75237
-2.01062
0.42309
1.69361
-0.09691
-0.50504
0.19102
1.31030
2.46421
-0.03270
0.02212
0.14801
2.82394
-0.64795
-0.81080
1.85323
0.80470
0.50334
0.22320
-0.81568
-0.74708
1.17120
-1.58596
1.60064
-1.53716
-0.40460
0.29149
-0.04947
-1.02008
-0.88062
1.22758
-0.98562
-1.45714
-0.29353
-0.68128
1.09600
-0.07264
1.51338
0.99354
1.52221
-0.83585
0.22727
-0.54218
0.67351
0.13367
0.64888
0.43629
0.20291
0.74502
0.66540
0.38108
1.10004
1.60093
0.11245
0.08776
-1.21238
-1.37061
-0.55202
-0.53082
1.20209
-0.72769
-0.04687
-0.32533
1.58854
-1.41060
0.74641
-0.04508
-0.54961
0.03502
-0.49938
0.38979
-0.02315
1.06599
0.68926
-0.23022
-1.28263
0.12663
-0.59695
1.39358
2.59732
1.14917
-0.65131
-0.50241
-0.97359
-1.53349
-0.29762
0.29068
0.05149
0.39761
0.66483
-1.08320
-0.51008
-0.78057
-0.41711
-0.30750
-0.56903
0.87217
-0.35393
0.22957
0.30382
-2.42346
-0.11961
-0.40462
-0.37345
0.87797
-1.49015
-0.37953
-0.10634
1.75837
0.68015
-0.34726
0.31764
1.68521
0.74787
0.95091
0.41341
1.79105
-1.64065
-0.74133
-0.93757
0.89503
0.71203
1.24525
-0.86932
-1.01961
1.59448
1.43839
-1.67506
-1.41288
1.06512
0.71041
0.09090
-0.34370
0.21357
-0.84267
-0.40328
0.89323
-1.03756
1.77190
-0.11098
-0.43374
1.82325
-1.14923
1.54302
-1.43578
0.47016
0.16046
0.91115
-0.73216
-1.01377
-0.71154
0.40730
0.63674
0.44785
0.82867
3.18402
1.29528
0.32662
-1.14629
0.20394
-0.79016
-0.00009
0.43847
-0.79391
0.05939
2.39301
-0.62134
-0.09597
-0.93067
-1.25211
-1.33709
0.89067
-0.56556
0.55085
0.64576
-1.01983
0.76989
1.46923
0.39047
-0.73476
-1.83534
-1.15444
-1.89556
0.13996
-1.32750
-1.76135
-0.93370
1.61753
1.13460
-0.71838
-2.12994
-0.40889
-0.40362
1.09796
-0.55086
-0.74367
-1.50368
0.85456
-1.69591
-0.63081
-0.20533
0.19199
-1.59362
-1.19975
-0.11287
-0.19166
-0.00828
1.18782
0.19531
1.80207
1.73488
-0.53926
-1.27435
-0.43989
-1.15974
-1.53632
1.15031
-0.87677
0.08271
-0.12669
0.72827
1.62118
0.30982
-1.71082
-0.80559
0.44029
0.91305
0.84637
-0.24057
-0.24426
0.80741
1.37661
-1.20706
-0.09062
-0.02946
-0.04554
-0.42451
-0.77506
0.43692
-0.27400
-0.64065
0.25599
-0.45155
1.00123
1.66076
-0.09438
1.39033
0.84310
-1.38940
0.68392
-0.27464
0.78943
1.02833
0.14472
0.85426
0.51712
-0.05411
-3.36931
-0.53007
0.65515
-2.40681
-0.84807
-1.03369
1.43977
0.19579
-0.34153
2.02073
-0.54319
0.34370
0.53275
1.54073
-0.86372
-0.64538
-0.45890
-0.39677
1.41280
1.68837
0.46461
1.35635
-2.29280
-0.66981
-0.31889
-0.40087
0.62997
-0.01814
-0.48959
-1.28203
0.43792
-0.74828
-1.64990
0.99497
0.21070
-0.36952
0.52769
0.76155
-0.10631
0.75864
-1.36031
-0.85075
-0.21330
0.34235
1.33759
-0.03804
-0.33695
0.25612
-1.27078
0.93277
1.29111
0.13639
-0.21719
-0.95760
-0.42067
0.46590
-0.94335
-0.23113
1.47158
-0.82249
-0.56423
-0.66514
0.62676
0.70331
-0.13095
-1.11873
-1.76944
0.58438
-0.49341
1.39517
-0.43965
-0.34254
2.60102
0.27659
0.09356
1.76576
-2.56353
-0.61128
0.30697
1.81173
0.61360
-2.10408
-0.43773
-1.03952
-0.64712
0.57720
-0.51964
0.22504
0.24215
1.20476
-0.05434
0.74840
-0.28389
-0.69171
0.19796
-1.32443
-0.88865
-0.71932
-0.23389
-0.14269
0.44632
-0.75861
-1.40807
0.46038
-0.21215
1.67850
-0.21566
-1.29392
0.05565
-1.37091
0.63247
1.69448
-1.19924
1.37256
1.13346
0.16477
0.04467
0.30751
-0.81584
-0.44933
0.00946
-0.22145
-1.10458
-0.79151
0.69428
0.30728
0.27182
0.87750
-1.16726
0.97269
-0.35323
2.34741
1.07105
-1.10285
-1.13266
-1.48119
-1.35330
0.87549
-0.75801
-0.83449
-0.96013
0.61957
0.09062
0.17187
-0.30466
-0.47271
-0.07500
0.70915
-0.50558
-0.18945
-1.12720
-0.44198
-1.47416
0.83386
-1.05593
-1.18915
0.04298
-0.20359
-0.29023
-0.90065
-0.43131
-0.40416
-0.30098
0.45703
-1.44716
0.53721
-1.51831
0.55299
-0.08401
-1.47294
0.31910
-1.30577
2.74070
0.77306
0.17061
-0.18901
1.63495
0.33105
-2.35492
-1.20993
2.12218
-0.30796
0.09572
0.67080
-1.53568
0.27275
0.19037
-0.22226
0.42618
-1.43025
0.46789
0.34154
0.48858
-1.47554
-0.66452
-0.16853
0.51099
-1.25321
1.50106
0.70183
-0.59950
1.15603
0.40475
0.13614
0.46100
1.56577
-0.91700
-0.41398
-0.08368
-0.46500
-1.20249
-0.60128
-0.44887
-0.70163
-1.96628
-0.61427
-0.33856
-1.26146
0.05205
0.18710
-0.15499
1.12776
1.98562
0.32346
-0.16757
0.76713
-1.68274
-0.20441
0.75198
1.26314
0.27576
0.69482
0.05055
0.13848
-1.58193
0.01704
1.14248
0.94958
2.67343
0.45167
-0.56681
-0.91118
0.12275
0.52334
-1.45444
-0.82138
0.26361
0.04605
-0.80613
0.49082
-1.41484
-2.12621
0.74621
-1.17105
0.72987
0.21471
3.89699
0.58126
-0.07754
-0.34402
-0.92923
0.29673
-0.77749
-1.94653
-0.35576
1.43324
-0.95700
1.72604
-1.33798
-0.42861
0.94502
0.14180
1.15452
-1.69671
0.68870
-0.30973
-0.39114
-0.77965
-0.37547
0.22183
-0.49097
0.18025
0.87621
0.53324
-0.28035
-0.54290
-4.37308
-1.10545
-0.07340
-1.12368
-0.02765
0.51263
1.98141
0.33584
0.77546
0.56221
-0.58853
-1.03387
-0.90380
1.10613
0.91647
0.67665
-0.60900
0.67870
2.71329
-0.70129
-0.53255
-2.30203
1.22855
-1.36795
0.89993
0.16424
0.42697
-0.56986
0.13812
0.74745
1.99772
0.47482
0.55205
-0.23058
0.33015
-0.23920
0.47320
1.47872
-0.72929
0.01055
-0.89846
0.23494
-0.03759
2.89136
-1.02593
0.64590
0.84742
-0.27625
-1.30144
-0.80580
-1.65233
-1.08549
-0.49203
-0.68827
0.63069
0.25025
0.36609
1.78144
0.65767
-0.66870
0.58405
-1.16307
-1.12736
1.88566
-0.81521
-0.14148
0.50546
-0.21348
1.54379
1.08572
1.09362
1.25834
1.40931
0.60582
-0.06312
1.36463
0.44448
0.01682
-0.25590
0.28070
0.26082
1.11667
0.06862
1.15881
0.55013
-0.36205
-0.16054
0.10032
0.27437
1.63258
-0.62417
-0.42349
-1.75452
-0.73155
0.60906
-1.85436
-0.25457
-0.39783
2.00250
0.55837
-1.05131
0.85730
-0.83275
-0.99764
-0.57330
-0.72483
1.86825
-0.31933
-1.44809
0.19400
0.49292
-1.28804
0.78395
-0.37837
0.15421
0.12555
-0.97501
-0.01892
1.88484
0.31539
0.57233
1.32588
-1.37576
-1.01157
1.44932
-0.29767
0.15679
-1.54723
-0.04327
0.15880
1.39558
-0.10572
2.27930
-1.16692
-1.00468
-0.60656
1.55228
-0.70615
-0.41377
-0.06174
-0.26007
-0.53693
0.70497
0.44858
0.75840
-0.44748
-1.44826
0.70631
0.91431
1.14261
0.00327
1.17771
-0.32740
-0.84559
0.20752
2.27333
0.72677
-0.87318
0.88032
0.67726
-1.67520
0.87398
-1.12576
-1.57373
1.12752
1.69577
0.98633
-1.31660
-0.44152
2.50393
-0.77731
0.49593
-0.36726
0.21485
0.57583
-0.40952
-0.59465
-0.49489
0.77212
-1.26899
-0.04072
0.77941
-0.47192
-0.31078
-1.13152
-0.97927
-0.33213
1.19977
-1.70667
0.85714
0.12713
1.81679
0.27773
0.14814
0.37604
0.76869
-0.42771
-1.03615
0.44694
0.46853
-1.15775
-1.41775
1.49877
-1.01084
1.31291
-0.62568
0.95480
0.71125
0.29568
-0.54750
0.21106
0.58425
-0.48338
-1.36948
-1.09934
-1.55102
1.04539
-0.08891
-0.48012
-0.92523
0.84957
-1.11129
-0.47730
-0.12466
-0.21797
0.56634
0.42848
-1.11915
-0.26556
-0.99256
-3.03020
0.01613
0.43304
-1.50211
-0.81963
0.31130
-1.24182
-1.26083
0.21724
1.55106
0.51699
0.26837
-0.04568
-1.10636
-0.39942
-0.21746
0.48773
0.21598
-0.42297
-1.16226
-1.56049
-0.04252
-0.33319
1.13073
0.00278
1.06853
2.71899
0.03736
1.43793
-0.62807
0.15034
-1.77758
-1.54128
0.67518
0.18716
2.48061
0.87012
-1.30876
-0.12137
0.56907
0.67190
0.78596
-0.26904
1.10603
1.80366
-0.76278
1.21917
-0.68145
1.97465
0.32126
0.85213
0.34373
-1.35860
-0.28729
0.82031
-0.22033
0.15627
-1.11624
0.01333
-0.67804
-0.67287
0.12316
0.37929
-0.09061
0.32187
-0.67533
-1.67221
0.22795
0.15611
0.15322
-0.85794
-1.43899
-2.06004
-0.01812
0.29101
-0.58748
1.26315
-0.71048
-1.57291
0.55459
-1.33154
-1.51269
0.84221
0.19485
-0.24975
0.07238
-0.27214
2.00608
0.08771
-0.12375
-0.16160
-0.27348
-0.42793
-0.41196
1.16975
0.16568
-0.86518
-1.99766
-1.02437
-0.00256
-0.81725
0.57877
-0.89010
0.74867
0.52032
-1.54879
3.42162
-1.27705
0.22556
-1.02692
-1.33514
1.38585
2.13773
-0.74566
-0.12921
-1.23985
0.79403
-1.62840
-0.78884
-1.26503
-0.64820
0.89433
-0.64946
0.39215
-0.34704
2.14071
-2.00406
0.48038
-0.82665
0.59766
0.29522
0.21283
-0.25536
-0.86102
-0.22810
-0.51457
-0.31122
-0.98215
-2.99585
-0.16779
0.33124
-0.99895
-0.22951
-0.54921
2.37124
1.52482
-0.30389
-0.71292
-0.69547
1.10054
-0.14708
0.61022
1.20493
-0.32131
0.54317
-2.08224
0.24437
-0.71747
-0.21089
-3.36334
-0.29817
1.19478
-0.77879
-1.62446
-0.17008
-0.79407
2.86818
2.26433
-0.26711
-0.76819
0.22728
1.41494
-0.73190
1.83265
1.35129
-2.01225
-0.76868
-1.41410
0.60049
2.17955
0.03406
-0.85829
-0.64992
-0.13644
-0.99512
-0.85121
-1.08068
1.32867
0.99893
0.94496
-0.03481
-0.22231
-0.95296
-0.79427
-0.99138
-0.09769
0.98604
-0.90955
1.71829
0.44340
-2.16865
-0.96223
-0.33020
-0.45756
-0.32871
0.64447
1.37056
0.07313
0.03331
-0.10190
-1.28579
1.36480
1.12242
0.13101
0.03020
1.23299
1.11520
1.46518
-0.13115
0.00279
0.06753
-1.64808
0.44040
-0.42872
1.32575
-0.68865
1.59405
-0.67611
-0.59265
-1.85064
0.46114
1.00230
0.37264
0.57666
-0.41396
-1.27491
-0.48603
0.66220
-0.53099
-1.65237
0.53634
1.59247
0.24659
-1.08066
0.90717
-1.13554
0.56694
0.52907
2.05073
-1.09670
0.01053
1.13380
0.79761
0.77267
-0.82760
1.10181
0.42985
0.54084
0.44100
0.11814
-1.83272
-1.13588
-0.26730
0.78420
-0.47143
-0.33528
1.79697
-1.90225
0.21444
-0.27394
-0.13242
0.52036
-1.41338
-1.11347
-0.41115
0.02585
-0.89216
1.25294
-0.20708
0.25134
1.49508
0.79005
1.01598
-1.01685
1.44195
1.71328
-0.07480
0.69109
1.38498
-0.68901
-0.80519
-1.59160
1.12919
-0.39956
1.02331
0.38840
0.82351
-0.61017
-0.76311
0.47084
-0.80906
-1.30998
0.41464
-0.56172
1.10107
0.34806
-0.40900
0.11520
0.94725
-0.42534
-0.33749
-0.58341
0.24620
0.22518
-0.55393
1.60201
0.48601
-0.44177
-0.11959
-0.93014
1.97745
-0.55596
0.37804
-1.01973
0.45538
-0.15262
0.14608
-0.74737
0.44005
0.75318
0.57782
-1.48844
-0.46199
-0.85443
0.53692
1.10549
-1.38274
-1.03168
-1.10255
0.65104
0.12162
0.20792
0.08367
-0.00956
-0.74268
-0.12434
-1.45843
0.66546
0.20217
0.60729
2.15677
-1.01118
2.50832
-1.62955
-1.51119
-0.27784
0.30365
1.54394
-1.26841
0.81217
0.39842
-0.92222
1.98284
-1.41060
0.75239
-0.40692
-1.99370
0.92826
-0.13304
1.67134
1.62220
1.83305
-0.25658
-0.20142
1.60489
1.41290
0.08108
-0.41588
0.80494
-0.06918
-1.05478
0.23354
0.38803
-0.15449
0.30082
-0.39507
0.03043
-0.64674
0.96526
0.23500
-0.08056
-0.88335
-0.01013
2.67388
-0.33219
-0.33796
-0.85068
0.19955
1.08622
-1.11319
-1.82172
0.40855
0.73993
2.25854
0.32721
0.20436
1.23431
-0.20485
-0.06565
1.03356
-1.34961
1.79936
-1.64302
-1.08940
-0.08068
-1.19922
-0.19363
1.03370
1.69861
0.02327
-0.36171
0.15879
0.47074
-1.79423
-2.31350
-0.50357
-1.38010
-1.66788
-1.32250
-1.32639
1.68918
0.81633
2.01551
2.04850
-0.93225
-0.12868
1.40700
-0.35510
-1.21660
-0.25311
-0.13999
-0.04214
-0.98998
-0.44578
0.76897
0.51371
-0.01440
-1.17335
-0.35011
1.74243
-1.42747
0.03019
-0.63603
-1.42376
1.58006
-2.01779
-1.91817
0.19278
1.20355
-1.35683
-0.43155
0.63558
-0.10928
-1.66947
0.99669
1.59982
-1.04577
-0.06289
0.60514
-0.81413
0.02901
0.09015
-0.45489
-0.79001
-0.16773
0.93605
0.38513
-1.85256
1.87718
1.12160
0.80395
3.33462
-2.10114
0.07897
-0.60573
-2.89236
0.92045
-0.72453
0.18722
0.12749
0.26416
0.15430
0.49857
-0.40842
0.88969
-0.28166
-0.98515
2.88000
-0.47699
-0.60715
1.14842
0.48199
-1.88625
-1.00296
-0.33352
-0.77627
0.01491
1.22774
-1.05628
-1.21637
2.41522
-0.35213
-1.62757
0.90796
-0.86275
0.61902
0.67711
0.37090
-0.53439
-0.27173
-0.03481
-0.89709
-2.38157
-0.56987
-1.23473
-2.28350
-0.77151
-0.79331
-0.76053
1.04397
1.74749
1.83967
-1.05719
-0.79044
-0.06881
0.56208
0.11909
1.15734
0.81521
-0.86911
-1.34216
1.50492
-0.28602
0.04573
-0.72247
-0.87467
-0.50805
0.86317
0.68911
-0.72449
0.36059
-0.45033
0.06079
0.69692
-0.43062
-1.09638
-1.15620
-1.58936
1.59111
-0.30970
1.12442
-0.60918
0.04972
1.14626
0.61225
0.14156
-0.22099
1.10442
-0.16860
-0.13134
0.16917
0.97956
0.27376
-0.17025
0.28403
0.40292
0.41361
1.01334
1.00368
-0.69458
-1.58986
0.78850
-0.40538
0.96543
-0.67062
0.04922
0.29967
-0.64992
1.37723
0.18894
0.85190
2.11571
-0.05851
-0.29513
-0.44921
0.65662
-0.55169
1.14133
1.21864
-0.13457
0.65706
-0.91200
0.67848
-0.18347
0.90063
0.23278
0.86644
-1.03021
-0.92368
-1.00387
0.81688
0.04651
-1.73339
0.13007
-0.48887
0.09686
1.94910
-0.07784
0.34514
-1.07432
0.86226
0.55011
1.15434
-0.36580
1.10693
-0.54406
-0.13055
0.53644
0.23840
0.90053
1.06508
-0.18726
0.22444
-0.98969
0.73489
-0.84012
1.03119
1.78042
-0.66742
-0.36395
0.20604
-1.72917
0.23373
-0.61642
-2.15748
0.64033
-1.77172
0.06625
-0.18591
-0.62058
0.37017
0.44081
-0.26965
-1.19802
1.38571
0.17415
0.30283
-0.91171
-0.23288
-0.27937
-1.38704
-0.54690
0.26271
-1.28244
-2.75899
0.39040
0.40258
-0.74078
-0.56087
0.28030
-0.38483
-0.49935
-0.85861
-0.83401
-0.91099
-1.44166
-0.00490
-0.06289
-0.23628
0.33636
0.19996
-1.23729
-0.52349
-0.46005
-0.83791
0.02371
-1.73844
-0.54754
1.54764
-1.99793
-2.16176
0.93373
0.77938
-0.89997
-1.21324
-0.61109
-1.09372
-2.06996
-1.66042
1.20007
-0.18476
-1.35821
0.22896
-0.80291
0.28063
0.32546
0.12310
-1.45016
0.89991
-1.22622
0.05063
-0.40876
-1.52168
1.19283
0.10685
-0.44659
0.01528
1.06470
1.05120
1.33384
-0.44468
0.42965
0.32484
0.28279
-0.66026
-0.73511
-0.77010
0.70096
-0.54070
-0.11050
0.18547
-0.06251
-1.52247
-0.87528
-1.05477
-0.32384
1.94511
-0.08111
1.05922
1.75410
-0.23122
-0.77006
-1.14888
0.16309
-0.45549
0.47692
0.14767
-0.76582
0.04214
-0.45163
1.01033
-1.18223
-0.58625
-2.28827
-0.87590
-0.37265
-0.44669
0.30566
0.70168
0.80384
0.20196
-1.04034
0.76490
-0.34668
-0.10516
0.62287
0.43960
-0.46249
-1.50852
-0.35480
0.75960
-0.08586
-0.61399
1.20829
-0.87158
0.52457
-0.84097
-0.23693
-1.49594
0.05820
2.54807
1.20735
-0.06908
-0.04638
0.95604
-0.72384
0.76118
0.46345
1.67290
-2.46831
0.55238
-0.72407
-1.07503
-1.50908
-0.00327
-0.04823
-1.46155
-0.02937
1.49252
2.67711
-0.19895
1.14872
0.12564
0.19995
-0.53211
-0.45814
1.01109
0.37170
0.55572
1.62681
-0.20278
1.22299
0.13909
0.75484
-0.60931
0.69321
-0.23911
-1.03583
-0.21229
-1.14774
0.63532
-0.31221
0.85334
-0.36196
0.14257
0.82111
0.97307
-0.70882
0.84052
0.11412
-2.13545
-1.46372
-1.81851
0.69425
-0.51884
-1.09121
-0.50565
0.31756
1.20530
-0.71791
-0.38194
-0.13102
-0.26629
1.95068
-0.26674
-0.54167
-0.01406
-0.27182
-1.59473
-1.34777
0.41076
-1.18520
1.28578
-0.42863
0.66013
-0.30104
0.08262
0.37434
0.06772
-1.64779
-0.39743
0.63978
0.09823
-0.58169
1.01629
1.36704
1.30903
-0.32017
0.36788
-1.65608
0.38413
-0.46241
0.52071
-0.15751
-0.03806
0.28719
-0.59991
0.71601
1.18599
-0.25987
0.44476
0.29477
1.10416
-1.24888
-0.87208
1.11928
-0.50549
0.37366
0.95888
0.34114
-0.91619
2.21970
0.12074
0.16659
-0.02050
-0.27832
-0.93550
-1.50115
1.10216
-0.31133
-0.03668
-0.87721
-1.56025
-0.63303
-0.82204
-1.54918
-0.71567
0.16166
0.92982
1.80466
0.41031
-0.36048
-0.06670
-0.17729
1.04692
-1.20094
-1.39365
1.36742
1.11705
-0.90684
0.33575
-0.58236
0.32203
1.12251
0.02910
0.68952
0.74805
0.45304
-0.05002
-1.14153
-0.52247
0.06919
0.17838
1.29072
0.67177
0.68739
-1.75138
-1.32976
0.00906
0.05415
1.22149
-1.28915
0.18472
0.85581
0.36115
0.41735
0.26282
-0.15873
1.10929
0.00776
1.29339
-0.14226
-0.84251
-1.32362
0.02661
1.03145
0.30773
-1.01243
-0.29262
0.39464
-0.17892
-0.30207
1.77487
1.12058
0.61763
-0.87056
-1.23974
-0.46029
0.55408
0.54633
0.77908
-0.01620
0.95321
-1.03191
1.47021
-0.28973
1.55594
0.11958
-0.36851
-0.73607
1.40359
-0.46647
0.66918
-0.49454
1.77802
-0.30797
1.82315
-1.17798
-0.24766
-1.02312
-0.32959
-0.55590
-0.87474
-0.35391
1.09257
1.17295
-0.14696
-0.64137
-1.27978
0.81594
0.27696
-0.60543
-0.18597
-0.90830
-0.06767
0.39461
-0.72450
0.04608
-1.55781
0.66042
-0.80272
0.71252
-1.55687
0.76491
-3.12136
-1.49893
1.28554
0.30054
0.00777
1.65005
0.52152
1.63615
2.42968
-2.60049
0.68772
-0.54859
-0.55173
1.31682
0.69462
0.51197
-0.06675
1.69871
-0.40213
1.59846
-0.89991
0.20717
0.84149
1.25420
2.31491
-0.36052
1.61321
0.80072
-2.00462
0.17875
-1.34237
-0.14611
1.19209
1.04254
0.58859
0.59326
-0.52061
-1.57228
0.48916
-0.23282
-1.64378
-1.00549
0.89822
-0.16612
-1.41266
-0.38306
-1.68583
-2.24332
0.64022
1.02043
0.05426
1.12042
-1.53369
-0.99226
-0.53749
0.11340
0.75770
1.01677
0.19103
0.68132
-0.32712
-0.40455
0.67528
0.83970
0.50893
-0.37502
-1.37707
0.03537
0.12339
0.15854
0.45146
-0.55923
1.02308
0.02233
-1.34353
-0.89968
-0.09059
0.27796
-0.10732
-0.03791
0.93607
2.38934
-0.08950
-0.59079
-0.12197
-0.60213
1.40692
-0.09070
-0.50953
1.86338
0.71316
0.04515
-0.10417
0.57441
0.23760
0.70814
-0.54211
-0.02973
-1.45101
-0.73571
-0.11530
-1.14584
-1.22797
0.66814
1.32465
0.25052
-1.47731
-1.71458
-0.57110
-0.48746
-0.29397
-0.85020
-0.35068
1.65758
-0.80687
-0.24314
-0.57998
0.40388
-0.23535
1.52465
-0.06806
-1.69856
1.23136
0.42878
-0.73286
0.09292
-1.06413
0.96154
0.44856
-0.40779
-0.93468
-0.26844
-1.02205
0.17156
0.56728
1.09953
-0.25206
-0.03990
0.82720
1.77983
0.59754
-1.06043
1.55358
-0.74614
0.65077
-0.07182
-0.07990
0.16351
-0.05302
0.08998
0.72275
-0.29945
-0.58070
-1.76741
0.77532
-0.00782
-0.41222
-0.54951
-1.79035
0.26016
-0.54480
1.15193
0.77030
0.95499
0.86826
-0.06608
1.00526
-1.19864
0.15053
1.00317
1.49598
-2.05664
-0.07526
-1.02849
1.87717
0.71500
0.30535
1.25469
0.77460
-1.54458
0.85368
-0.08298
0.35089
0.20504
0.92444
1.25711
-0.80991
0.07370
0.27820
-0.66513
0.05917
1.72143
-0.83709
-1.30759
-1.25707
-0.84464
0.20894
-0.90739
0.64409
-0.12778
-1.38304
1.40095
-0.28043
1.59831
0.74640
2.61548
-0.33907
-0.99877
-0.73752
1.70166
-0.61823
-1.05863
1.61361
0.16469
-0.18742
-0.80407
-2.03802
-1.41796
-0.26586
-1.64880
-0.57436
0.88523
0.69873
0.73591
-0.43032
-0.59481
-0.29111
1.06920
-1.13810
-1.40900
-0.82937
-1.45253
2.17723
2.79740
1.89116
-2.00126
-0.33332
-0.77557
-1.30797
-0.46286
-0.82491
-1.55971
0.96802
0.51778
-0.50065
0.19275
-0.33401
2.16506
-0.62884
-1.09474
-1.36760
-0.74540
0.13326
-0.07257
-0.79818
2.24808
-0.54955
-1.63832
-0.13048
-0.16230
-0.11902
0.78417
-0.37659
0.02920
0.03950
-1.11105
1.28056
2.21837
1.28777
1.80765
0.21352
-2.03740
-0.55916
0.46789
-0.42327
1.64735
-0.20322
0.22647
-1.05739
-0.41419
0.98456
-0.01146
-0.86362
2.30301
0.69310
-0.72716
0.40627
-2.31431
0.22304
0.49424
-0.10487
0.20880
-0.45266
0.99891
-0.54928
-0.22813
-0.23923
-0.53896
-0.27874
1.87479
0.34704
3.58201
0.18483
0.74829
0.39499
-0.32683
-0.55208
-0.17644
-0.50938
1.60001
-0.54922
-1.44770
2.53825
0.47470
-0.07654
1.18279
-0.94124
-0.28932
-0.05863
-1.24455
-1.97133
-0.09511
0.13614
-1.39216
0.13758
-0.35519
-1.68476
-0.19490
0.97193
-0.77164
0.58461
0.81890
-1.45025
-2.36100
-1.02299
0.84905
-1.80946
-0.27684
0.05258
-0.91443
-0.34441
0.05029
0.93834
0.54006
-0.37887
0.41700
1.83396
1.02629
1.07647
-1.20145
1.21784
-0.23697
0.31173
0.93244
-1.34812
-0.22078
0.57187
0.92908
1.39382
0.86677
-0.17043
1.50303
0.93903
0.74367
-1.96574
-1.08282
-0.70234
-0.12121
1.50978
-1.36715
0.53834
-0.15697
-0.52976
-0.16749
-0.63721
0.26150
-1.15719
0.95584
-1.22181
0.10557
-0.22544
0.79516
-0.26484
1.33890
-0.70178
-0.24884
-0.28329
2.44040
-0.82373
-0.74937
0.36432
0.72122
0.41827
-0.73266
-1.20144
-0.00885
0.07130
-1.80633
0.44520
-0.70883
2.06006
1.46844
0.03692
-1.10785
1.07313
-1.61629
0.77039
0.43510
-1.21026
1.00542
0.23605
-0.12497
-1.12895
-0.63801
0.08477
0.66366
-0.31186
-0.27933
-0.73941
-0.27506
1.04487
-0.47019
-1.09829
-0.79248
0.29142
0.90442
1.89668
-0.38019
-1.64074
-1.92763
-0.32688
0.73908
-0.80234
1.02452
1.12334
-1.25538
-0.06981
-0.11797
0.17048
0.91069
-0.96701
-0.82774
0.37537
0.12876
1.21339
-0.91119
-2.02696
-0.65997
0.82820
-3.08482
1.76511
-0.92871
1.40914
-0.14493
0.18391
0.33079
-1.11663
1.99064
-0.26230
1.11149
0.19778
0.55651
0.50667
0.21099
-1.48286
1.40390
-0.08908
-0.15107
-0.72384
0.08871
-2.40669
-0.64430
-0.24566
-0.41250
1.30780
0.43428
-1.71592
0.66860
1.30044
0.06125
-1.17830
-0.94223
-0.81569
0.43356
-0.11132
-1.02560
1.75406
1.36653
-0.46984
0.13547
0.88585
0.18377
-0.40131
0.20121
0.63845
-0.36228
-2.03628
-0.15102
-0.36864
0.02373
-1.75383
-0.63784
0.70662
-1.30182
-0.94732
1.18500
0.51416
-0.07231
1.37737
0.38400
0.27211
2.02972
-0.12420
0.12717
0.97660
-1.42898
1.05135
0.07557
1.52192
-0.62232
-0.69289
-0.17301
-0.12181
-1.26918
-1.47972
0.30199
0.56261
0.16844
1.21810
-0.65640
1.92496
-0.21661
-0.81081
0.41987
1.13020
-1.01967
-0.91005
-0.71930
-0.92520
1.16223
0.53321
-0.64202
0.01659
0.11913
0.62434
-0.72380
-1.69480
1.45341
-1.59497
0.08433
0.87472
-0.18194
0.11062
-0.73725
-0.20137
-0.71340
0.77036
1.79530
0.18252
1.31625
1.82503
-1.08043
0.11363
-1.30922
-1.74835
-0.28695
-1.13028
-0.67346
1.00017
0.82330
0.09407
0.49952
-0.74722
1.58523
1.76436
-1.93274
2.62929
0.31685
0.84708
0.23417
-3.30533
-0.85995
-2.16372
0.11953
-0.59610
0.47303
-0.91633
-1.99851
1.67742
-0.66754
-1.42863
-0.38783
2.29308
0.74250
0.48377
-0.81661
-0.59598
-0.33825
-0.02045
0.82419
0.53616
-1.19658
0.47037
0.00731
0.70927
1.15456
1.14231
0.97141
-0.30091
-0.00028
-0.97999
-0.49316
2.04108
-0.15627
-0.37564
0.72372
0.73700
-0.20303
0.65539
-0.65518
-0.63721
-0.64171
-0.28531
1.52551
0.93502
0.35722
-0.93788
0.18687
-1.49426
-0.41898
0.05963
-0.02161
-1.79490
-1.44971
2.33618
0.69125
-0.95696
-2.03691
0.32073
0.51218
1.03943
-0.59403
-1.34316
-0.24860
1.42080
1.16494
0.97350
-1.10595
-2.02350
-0.33149
0.05590
-1.43317
-0.51292
0.73634
-0.26516
0.80924
-0.98028
-0.00334
0.26142
-1.07093
-0.22305
1.44169
1.59000
-0.67080
-0.56409
-0.63619
-1.71275
-0.34034
0.02947
-0.70070
-1.07266
-1.13887
0.35471
-1.22908
-0.72708
-0.70333
0.50581
0.04873
-0.01925
1.49967
0.58811
-0.29765
-1.80746
1.77651
0.00333
-1.80573
-1.50871
-1.75164
0.72776
-1.09307
-0.79943
0.50405
1.21357
1.71223
0.49994
0.62810
1.14458
0.04740
-0.01973
-0.51164
1.53687
-2.44840
-0.92800
1.07327
1.06964
-0.07180
0.03635
0.32134
1.64829
0.08473
-0.55235
2.00788
0.34074
-1.08764
-0.71875
-0.77748
-0.73526
-1.69646
-0.10215
0.37962
-0.60861
0.05574
0.35451
3.07565
0.48522
-1.00933
-1.49584
1.78795
-0.36093
-0.82549
-0.30405
1.39752
0.72744
-0.65288
-0.13215
0.09170
1.30526
-0.02735
0.12417
1.22621
-0.10260
2.27082
0.73888
0.29691
-0.14488
-0.74575
0.59423
1.62960
-0.07097
0.14495
-0.46135
-1.12960
1.41098
2.27301
0.86330
-0.69393
-0.38988
-0.35948
-0.87378
1.34965
-1.38384
-0.39727
0.65438
-0.08418
-1.24247
1.49339
-0.03510
-0.88020
-0.49114
-1.58610
1.30824
-0.25785
-1.04567
0.92164
0.21537
-1.05096
-0.03984
-0.18618
-0.76713
1.94704
-1.81957
1.79440
0.64325
0.25987
1.30909
1.12015
-0.17150
0.14756
0.38158
0.32579
-1.05914
-0.47308
1.60959
-1.26372
-0.02424
0.97281
0.31684
0.48976
1.54752
-1.19133
0.40142
-0.83532
0.42295
-0.53179
-0.66414
0.01904
0.48881
0.34896
0.02354
-2.24405
0.43200
-1.45191
1.09718
-1.32033
1.17741
0.37637
0.56192
0.73629
1.13790
-1.20639
-0.18361
-0.65279
0.65098
-0.49019
-0.31751
0.06733
1.48470
-0.26857
0.12503
0.97998
-1.31792
-0.64323
-0.07307
0.35278
-0.22127
-0.07365
-0.98343
-0.04672
1.24326
0.02913
1.18469
1.27415
-0.89854
-0.47668
1.28332
0.58732
-1.30418
-1.39001
0.60112
0.49356
0.48190
-1.38175
-0.57567
-0.61685
-0.55461
-0.82582
-0.10548
-0.80015
-1.50674
-0.66181
-1.72459
0.04629
-0.14883
0.81545
-0.36150
-0.00456
1.57678
-0.03431
-0.34546
0.91582
2.45457
0.12540
-0.00436
-0.33435
-0.96337
-0.47459
-1.62338
-1.58497
0.51412
0.41353
-1.07024
-2.14964
-1.00540
0.65363
3.71765
-0.50485
0.87270
1.31536
-2.04223
-0.20562
-0.46345
-0.26914
-1.24094
-0.25114
-0.94465
-0.74944
-2.17697
-1.08347
1.54251
1.59603
0.39238
-0.36140
-1.04678
-1.05915
0.81556
-0.37101
-1.45334
0.98129
-0.93393
-0.37858
-0.05605
1.22613
0.16527
-0.62134
2.72329
-0.98640
-0.28842
0.75018
-1.62873
1.07083
0.81391
-0.40842
-0.06430
-0.62706
-0.33341
0.13476
-0.79424
-1.61265
-0.78698
1.45081
-0.74358
0.42444
-0.90101
-1.29958
0.12305
0.65312
1.60622
0.75762
0.68092
1.15645
-1.08843
0.74997
-1.13639
0.09601
1.21987
0.95114
-0.53779
-2.26547
-0.48469
0.23013
-0.45904
0.51125
1.72003
-2.17664
0.93580
-0.15812
0.28937
0.57483
-0.99388
-0.75913
0.03583
-0.10359
0.08592
-0.93187
-0.48285
-0.47104
1.34104
0.09955
-2.04329
-0.36057
-0.72076
1.01252
-0.07819
-1.19476
-0.31888
0.67827
-0.57217
-0.27769
0.71162
0.50682
-0.38767
-0.13216
-2.78626
-1.21431
-1.22712
-0.15387
0.69884
-0.72546
-0.02797
1.42999
-0.60235
-1.35813
0.81325
-1.28325
-0.18676
0.78508
0.18634
-1.64252
1.01130
0.07535
1.07617
0.84878
0.78369
0.61473
-0.33280
-0.83559
0.23917
0.30107
0.15778
0.88351
2.74535
-0.31726
-0.19297
-0.40458
0.33902
0.55671
0.79095
0.55556
0.14788
0.81329
-0.36752
-0.47865
-0.91567
0.18494
-0.12726
1.90437
0.09938
-0.03176
-0.50768
0.45055
-0.93100
2.16447
-1.00707
-0.25955
0.11578
-0.65306
-0.30133
0.37214
-1.28363
0.36190
-0.77939
0.70340
1.38923
0.21682
0.10635
0.71169
0.82601
-0.26043
0.29865
0.12265
-0.30031
0.41643
-0.16173
0.71562
-0.76368
2.20638
0.55751
-1.21588
-2.00788
0.84217
0.37118
-0.93522
-0.54459
-1.30634
-1.01465
-1.40224
1.04447
1.25454
0.16605
-0.15134
0.20207
-1.18652
0.69026
1.32031
-1.24430
0.43603
0.02170
0.93881
1.26030
0.09903
1.12393
1.91260
-0.03851
-1.22784
0.29858
0.42008
0.05103
-1.10118
0.28345
0.45579
-1.18660
0.70574
0.62480
-1.29392
0.37558
1.75569
-0.85145
0.21551
-0.59935
-0.42011
-0.41025
0.02484
-0.79813
-0.55175
0.95792
2.32416
-0.69861
-0.79422
-0.76704
-0.35847
1.34474
0.25253
0.21215
-1.75619
-0.12388
1.59627
1.16392
-0.73478
-2.10861
-0.02915
-0.20654
-1.01242
-0.41476
0.31013
1.30788
-0.17220
1.52886
-1.05383
-0.06517
-0.53184
0.70812
0.44879
1.83948
-1.08454
1.11616
0.51395
1.04544
-0.55741
-0.75597
-0.40298
0.31459
-0.41923
1.46456
-0.39470
-0.96135
-1.09767
-0.18436
-0.28269
1.39568
-1.29069
-0.68327
-1.78007
0.17518
-1.29374
-0.25608
0.08372
-1.74512
0.17349
-0.43285
0.15466
-0.13107
0.12115
1.68616
-0.72563
-0.35599
-0.24897
1.24457
-1.85482
0.06442
0.03979
-2.75864
0.34523
0.40015
-0.30703
1.76074
-0.34412
2.75284
-0.23510
-0.44026
0.71840
0.71017
0.15380
-1.16515
0.62775
-0.85601
-1.41660
-1.11878
1.00589
0.71296
0.58560
0.72297
1.81529
0.94873
-0.36851
0.79692
0.90954
0.16200
-0.11010
-0.59752
0.50354
0.89661
-1.45477
0.32378
1.97834
-0.63937
0.66707
-0.41068
0.26664
-0.29638
0.52726
-0.62961
-0.06624
-0.64781
-1.04473
0.21455
-0.91308
-0.32827
-0.61452
0.41590
-0.06242
-0.32140
0.02920
-0.90634
-1.49310
0.73472
0.34215
-0.74535
-0.43819
-0.81113
-1.58901
1.60331
-1.93791
0.48051
-1.05443
-0.43709
0.45356
0.75533
0.47541
-0.09245
-0.82470
-0.29460
1.67372
-0.21476
0.35339
0.96528
-0.40384
-0.02639
2.16416
0.26456
-0.22007
-1.71259
0.91644
-1.41408
0.52258
1.25446
-0.46644
-0.52926
-0.45104
-1.02730
-1.61459
0.17761
-0.87708
0.45379
1.29068
-0.47326
0.51085
-1.91760
-1.21633
-0.09301
1.60716
1.24224
1.53080
2.74497
0.54695
0.08854
-1.19543
0.10397
-0.76182
1.10046
-0.53922
0.07170
1.10427
-0.89576
-0.28422
-0.34897
1.64027
0.61929
-1.93218
0.18202
-0.63556
-0.17606
-0.22686
0.66707
2.14918
0.73535
0.05644
-0.69756
-2.37332
0.30699
1.34051
-1.12669
-0.20411
0.95925
-1.24519
-0.79889
0.21481
-1.02214
0.97251
2.18710
1.38505
-0.05083
0.02006
1.23050
0.22535
0.30767
0.87267
-1.06410
-1.79634
0.00001
1.43703
0.27278
-1.27777
0.65897
-1.45901
-2.00360
1.08279
-1.48255
0.34149
-2.01330
0.28105
-1.39193
-0.70604
0.15029
-0.21337
-1.73751
0.31760
-1.74237
0.56650
-2.25121
-0.72699
1.07216
0.24099
-1.23968
0.36512
1.68952
1.62465
-0.76424
-1.78597
-0.75046
0.51040
1.18168
0.33092
-0.13915
1.34459
-0.14700
0.83173
-0.65984
-1.19548
0.08022
-1.15220
0.02235
0.34963
0.42054
-0.03643
-0.30250
-0.28283
-0.47857
1.79691
0.38444
0.62099
-0.68230
-0.47135
-0.47690
-0.08909
0.73820
-0.97937
1.37255
2.47925
0.49526
-0.31551
0.56510
0.42216
0.76642
1.66361
0.54352
-0.00471
1.69419
-0.18783
0.56193
1.76049
1.43686
-2.13474
-0.87214
-0.42223
-0.89322
0.77129
-1.05019
-1.80922
0.57150
-0.57322
-0.24002
-2.37895
1.66086
0.02216
2.18238
-0.08245
-1.14190
-1.15357
-0.07932
0.68139
-0.00129
-0.81116
0.93980
-0.24322
-0.33528
1.24534
0.25530
-0.93899
-0.12743
-0.34001
0.10215
0.48855
0.91460
-0.71965
0.82522
0.74950
0.34577
2.40533
-2.28207
1.16578
0.14974
0.02357
0.39482
0.15673
-0.88938
-0.08359
-0.07861
0.06839
-3.03842
-0.78075
0.94121
1.36009
-1.34293
0.11834
0.90273
-0.48447
-0.09208
0.72718
-0.52569
0.11014
1.67580
-0.10159
-2.23723
1.77457
-1.04133
-0.33559
-0.35929
0.33841
-0.79114
0.65312
0.58528
-1.14171
0.93792
-0.58764
1.97768
-0.53288
-0.06516
0.06188
0.05316
-0.18381
1.28575
2.12509
-1.55548
-0.09798
1.09516
0.06789
-1.56916
0.63780
-2.10092
-0.39708
-0.40290
0.00524
-1.29171
-0.59185
0.52120
-0.32131
0.25958
-0.94647
-0.45557
-0.42102
1.09946
-1.32719
0.84451
1.88940
0.17559
1.47581
0.80417
-1.01914
0.70245
1.09972
-0.08199
-0.44581
-0.57290
-0.18895
-0.05320
-2.26019
-1.58915
1.59106
-0.64593
0.66452
0.88392
-0.05766
-1.14257
-1.47993
-0.98432
0.78734
-0.40161
-1.19694
0.22525
-0.35998
0.60133
0.71680
1.95779
2.20380
-2.66194
-1.72441
1.54161
-1.11599
-0.42245
-0.32156
0.32203
0.30954
1.03015
-0.82160
0.26396
1.40515
1.15294
-0.91283
-0.41688
-0.91260
-0.55192
-0.25769
0.07314
0.95093
-0.14726
1.13405
-0.55753
0.89696
2.12895
-2.07775
-0.25516
-0.08745
-0.97884
1.53747
0.51799
-1.07805
1.01250
0.17046
-0.76937
1.31757
-0.15134
0.66880
0.57644
-1.08090
1.60781
1.27592
-0.77500
-0.38759
-0.20255
0.32227
-0.54434
-1.93421
1.96253
-0.20761
-0.95324
-1.12712
0.11233
0.27988
0.48184
0.59818
0.99578
0.70730
0.47509
1.04616
0.51721
-1.24742
-1.77773
-0.78606
0.08286
0.53872
-0.79946
0.52437
-0.46431
1.06603
1.77307
-1.42370
1.00522
-1.68328
1.25144
-0.22053
-0.00234
0.76684
0.08419
0.16062
-0.03729
-0.20901
0.17509
-0.03430
0.08495
1.08624
2.48490
-0.95063
0.52765
-0.59544
0.77619
-0.69054
-0.07485
0.22795
0.35666
1.61069
-1.09396
0.12556
0.40935
-0.60019
-1.58296
-1.06433
-2.32922
0.65827
0.46490
0.25910
-2.07631
-0.97613
0.92079
-0.50570
-0.29980
1.40687
0.13847
0.70940
2.15680
0.19181
0.21524
-0.09253
0.75171
0.83476
0.18474
-1.36848
-1.45490
-0.88768
-0.19847
-1.06335
-0.46048
1.22067
0.49690
-1.57121
-0.34824
-0.35986
-0.21706
-1.67490
1.31469
-1.05295
-0.16014
-0.05313
2.42995
-0.12114
1.50025
-1.07462
1.97571
1.24102
-0.98868
-0.70443
0.24684
-1.15803
0.40250
-0.17096
2.01260
-1.31091
-0.90719
-0.20763
-0.33337
-0.77054
-0.41160
0.75083
-1.12780
-0.67969
-0.20351
-0.16035
-0.83490
0.12035
0.59498
0.34092
-2.33453
1.32795
1.28897
-0.28030
-1.14194
-1.30073
-0.61768
-0.10373
-0.57057
0.67592
1.05595
0.26205
0.62118
-1.84210
0.30979
0.18821
0.84678
-0.35390
-0.80194
-0.29416
-0.71887
0.30583
-0.54936
-1.93667
1.40867
0.18003
0.65015
0.67349
0.86185
1.41955
1.34291
0.71705
0.07800
1.27221
0.30147
-0.06692
-0.79235
1.21095
-0.70440
1.54391
-0.67391
-0.22687
-0.94364
0.11117
-0.51228
1.64036
-0.66742
-0.99066
-0.51225
0.04406
0.62453
0.80588
0.13060
0.45990
-1.15348
0.57453
0.17566
-0.33842
0.28063
-1.82521
-0.81566
-0.42530
0.21215
1.06364
-0.49974
-0.00092
-0.16361
0.37733
-1.00786
0.32790
-0.70253
-0.17386
-2.06881
0.22031
-0.06199
-1.35128
1.99909
-2.16252
-1.23860
-0.10898
0.78778
0.23504
-2.09864
-0.06814
0.05208
0.26065
-0.75037
-0.78016
0.96073
0.80524
-0.31994
-0.47835
0.27011
1.18416
0.21596
0.67813
-0.42898
-0.43862
-0.38878
-1.33407
-0.63978
0.42930
-1.78119
-0.68301
0.57278
0.88756
-0.84890
1.56108
0.34186
1.52783
0.19689
-2.04104
0.44551
-0.46075
0.31520
-0.45391
0.38050
0.27684
-0.12422
-0.31922
0.31427
2.04276
0.25259
-3.38781
0.24573
0.62063
-1.25145
0.72944
-0.16596
0.43507
-0.72419
0.89797
-0.92431
0.75250
0.18121
-0.23399
0.95810
-0.55633
1.33349
-0.93538
0.26241
-0.53088
0.14035
0.70308
-0.76903
-1.63645
-1.01001
0.92321
-0.12527
1.66873
-1.67399
-0.36324
-0.77157
0.56191
0.71319
1.55357
1.38720
0.31536
1.38198
0.37668
0.65223
0.93649
-0.96784
0.85070
-0.99549
0.15033
-1.49254
0.00721
0.30739
-0.10384
0.69613
0.02797
2.28971
-1.63988
0.68407
-0.60367
-0.29378
1.51958
0.70467
0.82553
-0.81867
0.64197
-0.09705
2.54303
-1.11515
-0.33360
1.90891
0.45140
0.05664
2.31580
-0.43953
-0.95034
-0.50745
0.21274
-0.84696
0.87254
-0.38977
0.47557
0.04617
1.20080
-0.77466
0.52753
-0.73774
-1.68194
0.30735
-0.67659
0.85224
1.13636
0.68547
-0.97562
-2.28833
-0.66717
-0.02768
0.23003
0.94798
0.48256
1.09683
-0.16616
0.61551
0.47727
-2.57017
0.64537
-0.03882
-1.22558
1.88532
0.29502
0.56074
0.67089
2.27106
-1.53430
1.37976
-0.06215
0.44648
0.66801
0.11796
0.65696
0.81809
0.85914
-0.59113
-0.52637
0.45647
-0.91314
0.27070
1.41875
-1.46994
-1.14565
-2.26322
-0.31999
-1.82605
-0.08419
0.03818
0.46530
-0.60931
-0.62078
0.41366
2.71202
1.42701
0.06332
0.27969
-0.27555
-2.09052
-0.58937
0.57866
-1.30804
-2.11984
-1.85741
0.80670
-1.20356
1.06712
0.20876
0.08579
0.23263
-0.04924
-0.26879
1.08436
-1.24711
0.71745
-0.78249
-0.08228
0.93139
0.09189
-0.90814
-0.38106
0.30410
0.53038
1.29771
0.08262
0.16647
-0.79977
1.01694
-2.31636
0.85642
-1.10918
0.41383
-0.13656
1.29747
-1.56213
-0.99361
0.24069
-0.72063
1.23229
-0.90847
1.33619
-0.11020
-0.26815
-0.76733
-0.71953
-0.57618
0.01511
-1.22318
1.13495
1.83259
-1.82802
-1.35769
1.55754
0.12147
0.00328
0.34380
-0.87812
-1.52348
0.57987
-0.45548
1.21056
0.85818
1.95331
1.58496
-0.90285
1.49215
-0.13987
-0.18923
-0.58481
0.03228
-0.69567
2.09562
-0.70678
-2.34006
-0.89172
2.22687
1.08621
0.38432
-0.56891
-1.55984
0.11406
0.04112
1.21729
-0.45715
-1.39862
1.95084
-0.78950
-0.60132
-0.00823
-0.50366
-1.18494
0.84200
-0.16310
0.80957
1.02644
0.68510
0.28162
-0.92897
1.20767
-1.95257
0.26204
0.88417
-1.15725
-0.63253
-0.82727
0.51825
0.51180
0.14435
-0.12586
-0.33226
-0.53107
1.37359
-0.65414
-0.53899
0.33687
-1.05215
0.30498
0.01694
-2.21102
-0.64613
-0.15888
-0.41629
-2.67762
-0.34473
-0.70383
0.50168
0.06058
0.43644
-0.33674
-0.32329
-0.05109
-0.03653
1.01375
1.42657
1.42987
-1.02886
0.45773
-0.38453
0.05096
-0.70979
0.08237
-1.93556
-1.88694
-0.74633
0.80041
0.73558
-2.12419
0.40689
1.49455
0.29246
-2.03477
1.90245
-0.07729
1.03059
1.62036
0.67977
0.46181
0.45855
1.94185
-0.98748
-0.43232
-0.47094
1.99671
-0.40792
-0.76416
1.70397
0.42577
-0.08401
0.04001
-0.76264
0.76624
-1.00500
-0.37376
1.72622
-0.79467
1.44291
1.23931
-0.84327
0.23569
1.28189
1.53053
1.39832
0.79901
-1.68751
1.28373
-0.28677
-0.77672
-0.53192
0.18737
-1.02048
-1.57261
-0.58629
0.04543
0.83159
-2.29350
0.49931
-0.05901
1.49701
-1.44368
-0.87460
-0.45031
0.18142
1.05024
0.42580
0.82782
-0.44817
0.17414
-1.38801
-2.12177
1.75726
1.39263
-0.35040
-1.32957
-0.26551
-0.27886
-0.21008
0.73906
1.21788
0.41963
-0.01760
1.00391
0.40048
0.37322
-0.13559
0.39609
1.29943
-1.79438
0.57865
-0.14121
0.04993
-0.13527
0.31197
0.04753
-1.75292
-0.01617
-0.90508
1.06595
0.68802
0.23510
0.11779
-0.69267
-1.44143
-0.73985
0.91252
0.39232
1.29381
-0.47021
-0.25937
1.43144
1.47426
-0.60267
0.27257
0.94130
-1.12512
-0.30833
0.78065
-2.39997
1.55264
-3.17461
-0.87565
1.29446
-0.76897
-1.45205
1.65113
-1.02890
-1.85136
-0.36388
0.68137
0.61853
-1.02941
-0.28660
-1.06623
0.25637
-1.96054
0.92086
0.57454
1.50573
0.04285
0.11827
-0.74559
-0.73470
0.79718
0.11803
1.67951
1.71269
0.72232
2.15789
0.58025
1.85309
0.17456
0.57364
1.10342
-1.08858
1.03699
0.05491
-0.78851
-1.66103
-1.61624
1.38981
1.20672
-0.43707
-1.75737
-0.22288
0.02967
0.04573
0.19669
-1.59199
0.15818
-0.40535
0.32814
0.04829
1.53356
-2.13296
2.03126
-0.28778
-0.53213
-0.93037
-0.09852
-0.20678
0.32548
1.10187
-0.74271
0.40726
0.89337
1.21068
1.50032
-0.00691
-0.69204
-0.71964
0.37871
-1.30876
-0.30837
-0.72863
0.45696
0.43432
-0.45907
0.30800
-0.52035
0.36553
1.33232
1.31835
-0.63345
0.55255
0.59100
1.82033
-1.27879
3.29251
-0.14758
-0.77227
0.07786
1.84882
2.18697
0.70675
-1.76541
-1.11445
0.86820
-1.73424
-1.27474
-1.48263
-0.01027
0.77520
0.53138
-0.46064
-0.26492
0.97532
1.24215
-0.24213
0.22578
-0.20121
0.45912
0.05429
-0.86598
-0.81977
-1.07051
0.06578
0.47025
-1.69592
0.24690
0.17715
-1.32214
1.05513
0.09967
0.52700
1.10272
-1.65124
0.03532
0.68355
0.66951
3.20437
1.71061
0.58090
-0.70506
-0.74375
-1.30490
-0.58859
-0.12491
-0.03865
1.37834
0.46197
-0.96955
0.37263
2.20981
1.21766
-0.94318
1.90976
-1.12309
-1.06071
-0.50836
0.65668
-1.30592
1.09042
-1.09307
-0.60356
-1.48417
0.23336
-0.21976
-0.27519
0.80536
0.19759
-0.37292
0.25773
-0.44858
0.61364
0.32120
-1.24012
1.98939
-1.28957
0.26393
-1.32822
0.44027
-0.77841
0.17430
-0.07206
-0.12025
-0.53657
0.23817
-0.69187
-1.36858
-0.88249
1.11495
1.69063
1.09008
-0.42106
-0.70236
0.26010
0.93727
0.69890
0.93097
0.85923
0.09333
1.19259
0.99002
1.83625
-0.33462
-1.26103
-0.07254
0.29163
0.17086
0.19682
-0.69477
-1.40609
0.99445
0.72546
-0.12440
-0.60562
0.35068
-0.33900
-1.31260
0.06952
0.63653
-0.79727
0.16449
-0.30269
-0.79644
2.32706
-1.11632
2.30579
0.78967
1.93695
-0.65645
-1.24570
-0.46227
-0.08979
-0.77783
0.38298
0.83602
0.74146
-1.60124
-0.97586
0.09585
0.23673
0.81821
-0.98828
-1.66521
-1.84034
-0.84779
-0.87350
0.39908
0.02653
-0.95718
0.20929
0.03626
-0.26983
1.08886
-0.10984
-1.29553
-0.09808
0.12881
-1.65224
1.11136
-0.21172
0.18891
1.05366
1.30351
1.06523
1.76753
-0.36057
1.11810
-1.27656
-1.17172
0.31855
-1.87789
-0.48885
-0.82990
1.46652
-0.97161
-1.01342
-0.34811
0.74231
0.12644
0.75313
-1.67122
0.56628
0.78722
1.49584
-0.06527
-0.38662
1.57097
-1.51320
0.02085
1.83473
0.97644
1.03332
-1.24833
-0.85773
-0.37128
-0.10763
-1.50316
0.21810
-1.43794
0.94222
0.56416
-0.84521
-2.02391
0.29915
1.10038
1.60644
-1.36192
-1.33560
0.55433
-0.33727
-1.02030
0.42714
-1.01939
1.06742
1.00609
1.39065
-1.54320
-1.85145
-0.49766
0.66829
-0.27617
0.70436
-0.84422
0.35797
-0.21694
-0.85218
-0.76501
0.59724
-0.19395
1.09088
1.08160
-0.89931
-0.53456
-0.85248
0.68533
-1.53747
-0.60450
-1.27290
0.28036
0.45084
-0.35468
-0.38313
0.37795
-0.18692
2.07582
-1.15394
-1.04721
0.96237
0.55923
-0.74863
-0.75394
0.42360
-0.57613
-0.36374
-0.25170
-0.08182
0.19827
0.62042
-0.35299
-0.89707
0.11067
0.21946
-0.42985
-0.76099
-0.07929
-1.40041
-0.44738
0.27650
0.60196
-0.54267
2.11609
0.95899
0.39825
1.32535
-0.11679
-1.44106
-1.29170
2.45434
-0.68229
0.54603
0.32053
0.89278
-1.95897
-1.00805
-0.96046
0.79975
-0.15572
2.12409
0.76786
-0.36350
0.14202
1.78503
-0.00258
0.14253
-1.31631
-0.36464
-0.03091
1.60784
-0.31091
0.13694
1.61591
0.58043
0.05489
0.63930
2.44953
0.66264
-0.55204
1.06353
-1.50348
-0.68218
-0.83164
-2.05035
0.25965
-0.86669
0.09642
1.71594
0.64590
-0.72741
0.79699
-0.32991
-0.81495
-0.11150
1.12698
0.29167
-0.54890
0.52867
-0.39564
1.24128
-0.49169
-0.34618
0.95765
0.58850
-2.58325
0.23860
-0.45168
-1.29770
0.36472
0.44042
-1.87190
-0.26137
-0.53135
-1.52874
1.31521
-0.22742
0.50510
-0.60616
-0.80610
-0.94014
0.41383
0.68418
-0.46762
1.03071
1.06527
0.07511
1.04497
0.47864
-0.45885
-0.02526
-0.45603
0.40862
-0.48392
0.97587
-0.22785
0.51509
-0.54976
0.32909
-0.03823
-0.68811
0.60894
-1.17966
0.36164
0.17293
-1.24430
-0.44751
-1.28123
-0.40736
-0.79316
1.98724
1.10688
-0.54481
0.31704
-0.03934
-0.86817
0.87131
1.53794
1.44150
0.69315
-1.66091
0.74967
0.49238
0.26221
-2.39417
1.87845
-0.88890
-0.72601
-2.96040
-0.37670
1.88775
1.98602
0.03363
-0.40809
2.23994
-0.69182
0.09615
1.32671
-0.38883
2.55368
0.61338
0.41221
0.31022
0.72808
-0.83421
-0.16631
-0.57490
0.96121
0.96994
0.27318
0.57019
-1.15413
0.25216
1.16838
-0.51403
-2.45432
-0.41438
-1.29993
0.24689
-0.51146
1.16957
1.05250
-1.38169
1.10439
-0.74215
-1.76839
0.17381
1.33742
0.94518
-0.85086
-0.39710
0.72062
0.48765
1.48520
1.09877
0.46578
-0.11995
-0.51551
-0.58227
0.22539
0.14603
0.29285
-2.19044
-1.36019
0.31822
0.06192
0.38094
-0.32949
-0.70319
1.47762
-2.10590
-1.38917
-0.73547
0.42218
-0.94724
1.71068
0.27536
0.63310
-0.74612
-0.38240
0.68634
-0.65399
-0.27358
0.35413
-0.04268
1.24792
-0.14613
0.00847
0.24124
1.86666
1.45673
0.82410
-0.02676
0.29543
0.49156
0.24577
1.73753
-0.05374
-0.53838
0.47133
0.62299
0.91351
0.01927
2.10746
1.04457
-1.35978
0.92688
-0.17954
-0.18658
-1.12990
-0.16782
0.98525
-0.56274
1.43075
-1.09646
0.42030
-0.60707
0.86423
1.81429
0.76488
0.72291
1.06760
0.09540
0.34345
-0.56760
-0.01734
0.65534
-1.41762
-1.32025
-0.91436
-1.51787
1.02583
1.44554
-0.33679
-3.38538
-0.91585
1.87183
0.91314
0.75967
-0.19090
0.09680
0.12778
-0.81556
-0.60507
1.82944
0.64147
0.35541
0.94601
-0.62584
1.09644
1.62756
-0.28288
-0.45310
0.26815
1.30729
0.09481
0.17537
-0.80503
0.26132
0.18693
-0.64040
0.80494
-2.34508
0.17012
0.12425
-0.77923
0.37813
0.07317
0.68730
0.85479
0.61988
0.20899
0.27706
-0.99347
-0.55799
1.20757
1.23857
0.28601
0.08475
-0.50227
-1.28627
0.45699
0.17905
-0.08701
-0.04673
-0.69163
1.10049
0.56678
-1.48655
-0.98661
-0.10149
-0.30468
-0.50857
0.78323
0.67506
1.40816
-0.57664
-1.07353
0.85210
-0.14413
0.81732
1.25535
-1.09858
-0.17443
0.53554
0.12547
-0.97739
1.75977
0.10702
-1.27972
-1.12281
-1.38909
0.69730
1.21643
0.25726
-0.64700
0.81632
1.40863
-0.54158
0.50325
-0.32897
-0.85734
-0.04347
0.00322
0.37039
-0.45984
-1.83247
-0.46379
0.60321
1.66524
2.02101
-0.66653
1.39426
-1.18338
0.41042
-0.04282
-1.48329
2.49483
0.30499
0.31734
-0.33390
-0.68426
0.07817
1.58393
0.96889
-0.04263
0.14137
0.50278
0.23582
-1.13321
-1.73254
0.59692
-0.58077
0.09108
-0.02144
0.50083
-0.38022
1.53740
0.29741
1.13208
0.29868
2.52823
0.72689
-0.95403
-1.26361
-0.38945
-1.32082
-0.57226
0.55345
1.27559
0.15228
-0.95226
0.17174
-1.55132
0.43068
0.48842
0.14919
1.14038
-0.38665
-0.61439
-0.86713
0.30319
-0.92564
-0.00283
-0.29418
-0.12287
-1.35508
-1.15250
-0.73834
-1.14018
-0.47035
-0.59223
1.22499
-0.76474
0.06558
-0.44924
0.04753
1.89831
0.22347
-1.07105
0.42064
-2.10295
1.74851
0.64923
0.28522
-0.47584
-0.54084
0.95615
-0.24905
-0.55763
1.23608
-1.07812
2.06242
1.91740
-0.37561
-0.51407
2.01956
1.29832
0.99953
1.12663
-0.32228
-0.63889
-1.24555
0.91450
2.18851
-0.77198
1.04376
-0.85992
1.39095
-0.58175
-0.58747
1.43516
-1.59361
-1.01200
0.76848
0.65050
1.35667
1.32348
-0.68868
-0.30436
-0.56242
2.58788
0.91815
-0.00420
0.33939
-0.13771
-1.82991
1.59570
-0.32539
-1.00381
-0.62087
-0.86514
-1.26234
-0.92323
1.29765
0.24053
-0.37923
0.27678
1.32805
1.05960
0.99028
-0.19452
1.17514
-0.71566
0.16885
-1.17077
0.08133
1.02169
1.06570
-0.31907
0.86424
-0.89279
0.65333
1.76118
-0.93667
-0.42051
-0.13338
-0.50314
-0.11296
-0.50249
-1.23102
-0.40459
1.36537
-1.25919
0.21741
0.28385
-1.97628
1.00430
-0.40600
-1.00476
-0.36554
0.44868
0.07993
0.74320
0.77127
0.01545
-0.46280
1.39931
-1.32560
1.74483
-1.85962
-0.26350
1.02373
1.18433
1.84214
-0.01200
-0.08291
-1.76305
-0.77142
-2.26099
0.95516
-0.22772
-0.81000
-0.34345
0.46838
-0.10792
-0.26350
-0.79646
1.26952
-0.26827
0.14158
-0.08179
0.38152
0.23741
0.50486
2.93628
-0.47605
0.32116
-0.35744
-0.44225
0.67925
-0.80293
-3.03033
0.14443
0.94479
1.68007
-0.62512
0.16398
-0.08010
0.74988
0.29067
0.35677
0.08417
-0.49664
-1.15299
-0.44670
0.64812
0.96753
2.05588
-0.92469
1.26585
1.53215
0.59862
1.18807
0.31288
-0.39294
-0.64759
0.80879
-0.85643
-2.18369
-0.42830
0.53166
-0.03091
-0.56244
1.11516
0.29544
1.87626
0.28326
-0.96513
-0.60451
1.87738
-0.04618
0.18881
1.33096
-0.60254
-1.15505
0.05650
-1.81708
-0.61404
-0.77964
1.17409
-0.55513
-0.32723
-0.29461
-0.08510
0.81040
0.72621
-0.93142
0.92073
0.05096
0.24382
-0.21572
0.34244
0.96337
0.55104
0.85306
-1.47002
0.52291
1.40814
-1.67786
-1.12712
-0.22489
0.30524
1.02612
0.99094
-0.64455
-0.47975
-0.49225
-1.21159
0.51643
-1.59043
-0.97665
0.23247
-0.59492
-0.25354
0.42145
-0.43949
-0.38796
-0.27499
0.91042
-0.35189
-0.58339
-0.35717
0.94592
0.30573
0.41668
0.04163
-1.93428
-0.62177
-0.10774
0.68090
-0.28186
-1.52143
-2.19088
-0.00861
1.22725
-1.47569
-0.61025
-0.09460
-1.34505
-1.68816
0.42596
0.17382
-1.02572
0.25383
-0.51416
0.37074
0.07524
-1.03198
0.34138
-1.66382
-0.17729
-0.54665
0.89437
0.82757
-0.68894
1.05625
-0.17275
-1.62462
-0.81030
2.31978
0.44943
0.15474
0.70435
-0.01577
-0.83760
2.26117
-0.48727
-0.68161
0.86193
-1.48613
-1.61575
1.82872
1.08710
0.91724
0.14579
-0.75208
-0.21256
1.07306
0.05045
0.23349
0.45683
0.55621
0.82918
0.97031
-0.34356
-0.37749
-2.24419
0.69359
-0.69891
-0.38962
-0.35763
-1.18875
-1.33016
-0.84653
-0.66412
0.59175
2.31681
-1.41848
0.24365
-1.12163
-1.87766
0.52778
0.61255
1.59406
0.73312
-0.19947
0.06927
0.03771
-0.45106
0.87021
0.50269
0.49148
-0.25669
0.58242
-0.63580
0.26608
-1.49600
-0.44549
0.88688
-0.66039
-0.44565
-0.24421
-0.68587
-1.19240
1.82879
-0.18032
-0.67962
-0.17306
0.03026
0.75030
-1.46063
0.66346
1.02585
-1.14710
0.60806
1.65605
-1.29051
-0.42321
0.55540
0.82423
-1.91110
0.10917
-0.23669
0.89735
-1.42664
-0.61060
0.13239
-0.69736
1.47184
-0.67205
0.01037
0.38954
-0.36191
1.19354
-0.80719
0.19583
-0.52620
-1.21857
-2.75288
-1.15685
0.08600
1.64174
1.36872
0.32352
0.28698
0.69570
-0.11887
1.98589
1.62485
2.07318
-1.95292
0.03788
-0.56416
0.30907
0.68719
-0.59087
1.41655
-1.43056
-0.44660
0.51290
-0.29366
-0.50983
0.28684
-2.16199
1.88019
-0.05782
0.87207
-2.49168
-1.02716
-0.21459
-0.07708
-0.09884
-1.45822
0.71054
-0.12090
1.02522
-0.32369
0.88198
-0.33130
0.40151
-0.87242
-0.36572
0.10912
-0.29285
-0.01085
2.39919
1.06125
-1.40846
-1.21124
-1.06283
-0.35087
-0.44289
0.05776
-1.90980
-0.70648
0.69507
-0.18722
-0.60017
0.16049
1.01035
-0.72082
-1.21349
-0.12890
-0.03520
0.56039
-1.02765
1.30230
0.02587
-0.71615
-0.85192
1.23275
-1.30405
-1.57612
0.25139
-0.27474
-1.71088
-0.78869
-0.54699
1.45421
0.24222
-1.77084
-0.05005
0.40594
-0.39412
-1.03901
0.30302
-0.00269
-0.62437
-1.47057
-0.24585
0.99309
0.24262
-1.77519
-0.87227
1.23871
1.56236
0.12025
-0.51831
0.13894
-1.05474
0.37805
1.41671
0.39110
-1.81050
-1.04430
-0.17384
-1.10880
1.91694
-0.10691
-0.67826
-2.57612
-0.09681
0.82969
-1.04199
-0.84937
1.86599
-1.21963
1.78181
0.74900
0.38428
-0.33481
-1.23015
-0.51668
-0.49983
0.49819
-0.47919
0.51804
-1.46012
0.27491
1.13658
-0.63006
-1.50684
-1.14146
-1.34792
-0.31219
2.08821
-0.53988
0.44709
-1.37702
0.83053
-0.18810
-0.58510
-1.26667
1.23989
1.21941
0.36531
-0.00347
0.85697
-0.57490
-1.16092
0.17495
1.45009
0.74077
1.82016
-1.09599
-0.31997
0.37318
0.76583
-1.11029
0.76442
-0.47099
0.07683
1.29884
0.42078
1.49588
-0.23087
0.28723
1.12451
0.14923
0.84296
1.35190
-0.23086
0.45282
-0.48296
0.73255
1.28532
1.01512
1.03077
-0.98975
0.28355
0.11317
-0.50124
-0.17045
-0.07983
-0.62738
0.62245
0.83767
0.27122
-0.34807
-0.09580
-0.70692
0.72595
-0.52806
0.62264
0.99636
1.07031
-1.54659
1.44910
-0.99880
-1.50378
0.56764
-0.12689
-0.73068
2.51463
0.27043
0.45144
-0.36916
-1.43130
-2.24572
1.36174
-0.18063
0.72779
-1.16625
0.77502
-0.28826
1.41015
-0.49190
2.55737
0.74930
0.68500
-0.77269
-0.70987
0.81160
1.25081
-0.08627
0.03783
1.51133
1.58754
-0.97578
-0.30768
0.20448
0.49343
-0.36338
0.14259
2.94624
-1.11347
0.21522
-0.26986
-1.71495
-1.70697
0.92983
0.84683
0.21048
0.07982
-1.72941
0.76255
0.75508
-0.13870
-0.08015
-2.13304
0.38160
-0.35704
-0.42495
-0.10219
0.15493
-2.39795
-0.38977
0.10087
0.98708
1.16391
0.03807
0.90767
-0.65746
1.84044
0.49106
0.51498
-2.43643
-1.60669
-0.37759
-0.45591
0.00764
-1.77868
-1.43642
-0.32909
0.75437
0.02148
0.16730
1.24179
-0.35841
0.96247
-0.20976
0.38355
1.26382
1.50216
-1.36708
-1.48444
-0.06014
-0.97115
1.03104
1.76657
1.69399
0.31802
0.45422
1.30755
-0.21301
2.28850
-0.90659
0.73036
-0.12455
0.56144
2.35046
-2.68471
1.02680
-0.35982
-2.04332
0.88090
-2.31885
-0.42988
-0.31029
-0.54484
0.25695
-0.07545
-1.36454
-0.12558
-0.32849
1.01719
-1.28129
-0.26144
-0.59681
-0.56504
0.77684
0.73161
-0.90111
-1.00525
-0.23303
-0.26868
-1.32144
0.85002
-0.50999
-1.22096
0.31171
0.59177
-1.86202
-1.78546
-0.27864
1.85530
1.61427
-1.07485
-0.67933
0.47682
1.34375
0.84437
0.66844
0.66518
1.08539
2.77573
-0.85551
-0.88968
-0.39403
-0.28755
1.40307
-0.22261
-0.34964
0.02825
0.41656
1.13391
-2.33398
-1.29312
-0.23831
0.07602
0.84194
-0.45011
0.89281
2.47867
1.14541
2.66304
-0.01270
-0.55002
-0.04919
0.68055
-1.04970
0.19129
0.83809
0.97068
1.57619
-1.64706
2.31989
0.00919
-0.50458
-0.21507
-0.71159
1.06562
0.92579
0.50800
-0.11521
-0.01046
-1.01977
0.14172
-0.74883
1.36521
-0.56646
2.19784
0.19145
0.65945
0.12980
-0.64925
-1.89678
0.43678
1.26070
-0.82004
-0.10994
-0.32459
-0.89979
-0.05548
1.66040
1.23667
-1.16429
-1.18267
0.14465
-0.45893
-0.03679
2.05072
2.21291
0.52440
-1.99711
-0.24648
0.01662
0.47100
-0.88678
1.80360
-0.00255
0.04513
1.39580
-0.25354
-0.09231
-0.90755
1.41101
-1.23476
1.07915
-0.03243
-0.17774
1.19614
0.13473
-0.64751
-1.61634
-0.15171
-0.33449
0.04199
1.50939
-0.35769
-0.56278
-0.02415
-0.02677
0.47751
0.46908
0.50578
-1.47094
-0.60692
-0.85428
0.83580
0.44797
-1.51168
0.15114
0.10222
-0.76090
-0.37163
-1.35596
-0.39592
0.55498
1.65857
1.19215
1.19534
-2.03622
-1.32601
-1.40040
-0.52361
-1.02437
-0.26784
-1.00348
0.03154
0.95650
-0.31014
-1.22243
1.08714
0.48231
1.01157
0.42639
-1.92344
-0.47485
-0.54148
0.55075
-2.49054
0.54893
0.48658
0.14175
1.76086
-0.70165
-0.05103
1.65290
-0.15749
-0.03534
-2.21354
-0.44463
-0.13932
1.55820
-1.48805
-0.67929
0.90705
1.95912
-0.27843
1.00938
-0.80629
1.17393
-0.49007
-0.46791
-1.07873
-0.22476
0.89894
0.75198
0.63758
-1.10637
-1.54139
-1.26605
-0.09388
-0.87202
0.86868
-0.69742
-0.06077
-1.15203
0.30047
1.54605
-0.40940
0.25729
2.00541
-0.90742
0.26414
-1.50197
0.25643
-1.84365
-0.26378
0.56850
-0.08995
0.50845
-1.88934
-0.88991
0.03579
0.35448
-0.80815
-1.55439
-1.01620
0.39690
0.26644
0.06675
1.03142
0.93497
1.10221
1.91770
-0.54700
0.05876
-0.19683
0.66613
-0.45096
-0.57892
0.64168
-0.23636
0.21467
-0.53910
-0.35221
-1.32225
1.19713
-1.22567
-0.73799
-0.36402
-0.87231
-1.18452
-0.37446
-1.02039
-0.78657
1.80891
-0.70698
0.05905
-1.06095
1.59528
-1.36305
0.62480
0.00034
1.22124
-2.06885
-0.61881
0.99865
1.60130
0.26367
1.17824
-0.45947
-0.42356
1.08998
2.88634
-0.13143
0.13852
-1.91573
-1.12152
0.18806
0.93856
0.14481
-0.39510
-0.29467
-1.10835
-1.46620
-0.98482
-1.97843
0.16781
1.71274
1.48575
-1.68292
-0.81757
0.34359
0.55039
1.11301
0.59734
0.27690
0.35137
-0.08656
1.80073
-0.81439
0.05546
0.44064
-0.00215
-0.04764
-0.32795
-0.88928
0.55732
0.66778
-2.06321
-2.57191
-0.67524
2.05942
-1.79201
0.26802
1.64059
-0.13712
-0.67130
-0.65256
-0.41432
0.42252
0.05391
-2.00578
0.18440
0.71428
0.69490
0.78294
-0.05421
-0.30922
0.25120
0.68157
0.48116
2.05680
-0.17536
0.77628
0.02862
0.09348
0.92266
0.87644
-0.48261
-0.21809
0.32845
-0.83734
-0.48390
0.09284
-0.10824
-0.25744
-1.18042
0.61775
0.85494
-0.62116
0.15506
-0.00353
1.33043
0.04640
0.45430
1.75319
-1.13401
-0.26679
-0.03182
-2.09914
0.45124
0.89735
0.83529
0.29608
2.15821
-0.07811
-0.45077
1.05016
-0.13070
-2.57322
1.50315
-1.09048
0.47844
-0.92975
-0.04541
-0.44778
-0.63032
0.16143
0.86880
-1.28526
-0.05991
0.09903
-2.09737
0.60409
0.30505
0.81032
1.58880
-1.10955
0.42891
0.61679
1.02494
-0.01740
0.56489
-1.68154
-1.50383
-1.20963
1.14233
0.93112
0.91845
0.39295
0.56246
1.75629
-0.66350
-0.07347
-0.44459
-0.15048
0.66962
0.70835
-1.08527
0.71491
0.85224
0.98585
-0.93382
-1.20789
1.03808
0.18532
-1.57933
0.41880
-0.60705
0.02550
0.20812
-0.99177
0.20332
-1.84355
-0.35203
0.01270
-0.17289
-0.47894
-0.62480
-0.07505
0.38351
-0.37862
1.24513
1.36468
-0.27842
-0.18307
1.30761
-1.32543
0.20452
0.30506
0.97100
-0.55704
-1.40225
-1.22110
-1.29106
0.57391
-1.20172
-0.34056
0.33794
1.51462
-0.43722
0.52670
0.60333
-0.87668
0.61971
-1.12483
-2.28470
-0.77404
0.64309
-1.05417
0.77522
-0.92339
-1.22067
-1.22115
-0.42803
0.08156
-0.74228
0.15538
1.80995
0.27898
-0.38300
0.86398
1.57879
0.34598
0.62620
-0.61025
0.43401
0.58200
0.40735
-0.51573
-0.27171
0.84272
-0.53501
1.57061
0.61501
0.06836
2.06146
-0.58169
0.07694
-0.14773
-0.04070
-0.77438
1.05226
-1.22345
2.56774
0.54008
-0.81947
-0.42207
-0.84889
-0.72907
-0.71654
-0.14157
0.86763
-0.34655
-1.23259
-1.05733
0.73151
1.14709
0.66951
0.63545
-1.02403
0.53653
0.04385
-0.38392
-1.14814
-2.17764
-0.77994
0.63333
-0.51642
-0.14040
-0.98493
-0.35411
0.30390
-0.63151
0.37303
-1.20525
-2.05441
-0.23724
-0.03853
0.82306
1.29875
-0.26688
0.22631
0.37390
-0.69943
3.18349
0.27335
0.90943
1.05346
1.42480
1.59755
-0.48137
0.24470
1.38103
0.99576
0.14233
0.47565
-1.35306
0.23422
0.91521
-1.37943
-0.74621
0.16689
0.98510
0.60840
0.01718
-0.34374
0.58921
-1.29423
0.38856
-0.18983
-0.18292
-1.23106
-0.04075
-0.98915
-0.61758
-1.07233
0.77849
0.46333
-0.47288
0.40677
-0.43178
-2.29002
0.67707
2.01713
0.35692
0.27062
-0.00940
-1.28827
-0.15754
-0.78221
2.01860
-0.42769
-0.22920
0.23987
2.04509
-0.05428
-1.66117
0.89758
-0.63018
-0.36536
0.08545
1.55444
-2.57306
0.78938
0.42486
-1.38807
-1.82702
0.81292
0.09973
0.10189
-1.99203
-1.08356
0.88916
0.66064
-0.72728
-1.02603
-0.14757
0.13875
0.60837
0.35558
-0.46357
-0.12295
-1.73650
-1.73864
-0.44329
-0.27769
-2.56870
-1.13097
1.16629
0.10924
0.20474
-1.56321
0.61845
-0.26015
0.14119
-1.35802
-1.00111
-0.84873
0.15851
1.50684
-0.50018
0.20894
-1.54454
-0.30507
0.53587
0.31766
1.30044
0.63258
0.43206
-2.00657
-1.68253
0.90750
-0.23595
1.40871
-1.09032
0.22056
-0.32200
0.55305
-1.44395
1.20629
1.02234
0.09393
-0.03981
-0.67322
-0.12617
1.09396
-0.98267
-0.03265
0.31302
0.94715
-0.21278
0.63052
0.08621
-0.25740
-1.70053
-0.93645
1.04798
-0.92271
1.04009
-0.33677
0.32419
1.12231
1.18128
0.04187
-1.00565
-0.96939
1.15649
-0.87059
0.33294
0.55731
0.63761
1.12893
0.20701
2.16585
-1.78218
0.99228
2.62918
0.90049
-1.87335
-0.77485
1.34039
0.35801
0.24655
-1.38977
-0.02452
0.60385
0.09060
-1.59682
0.46797
-0.00817
0.94882
0.64176
-2.10348
-0.77615
1.99969
-3.04945
-0.20684
-1.05573
-0.13818
0.86134
0.62570
-0.28928
1.17159
0.66914
0.80993
-0.83376
-0.28253
0.64740
0.60834
0.36850
1.74407
-0.10768
1.30441
0.18573
0.30869
0.71426
-0.30145
-1.85736
0.86483
-0.85347
-0.49563
-0.25021
-0.30853
-2.27252
1.42914
1.14504
0.76960
-0.87287
0.95522
-0.28441
2.28412
0.04928
-0.17256
-1.77792
0.39159
-1.53876
0.01372
-1.00747
0.49927
0.58184
0.60567
1.09138
0.18498
0.09840
-0.85449
0.22935
-0.50113
0.16994
0.46152
1.00268
-1.49463
0.46736
-0.45405
-0.76929
0.77440
-0.64090
-2.04874
-2.04029
0.18709
0.10384
1.44984
-2.78410
-0.64261
1.93259
-1.79494
0.68048
-0.90349
0.24444
-1.00769
1.29392
1.97681
-0.91618
-0.15146
-0.19158
-0.46081
2.00648
1.35603
-0.51907
0.67266
0.41121
-1.49196
0.82953
0.76796
-0.72609
-1.33055
2.49253
-1.98780
-0.12084
-0.08292
0.38347
1.40255
1.29529
1.20107
-1.00555
-0.67794
0.85910
-1.80795
-0.03586
0.56020
0.82060
-1.70290
-0.34820
1.12988
-0.20461
0.57572
-0.10848
1.24071
1.93153
1.88335
-0.89792
-0.68204
0.42476
-1.38813
0.96481
-0.49353
0.23611
-0.29332
0.97602
-0.96775
1.85716
-0.05334
-0.92457
-1.39468
0.64129
-0.30744
0.33693
-0.95130
-1.00446
-0.05182
0.34836
-0.14308
-0.11598
-0.66139
-0.86520
-0.62541
-0.14399
0.18725
0.90113
1.22938
0.36531
-0.78353
0.58596
0.14271
-0.71117
-0.06770
-0.39462
-1.29123
-0.96994
-0.89880
-1.18999
1.44856
0.63190
1.38697
-0.42135
-1.09217
0.06600
-0.20733
0.01881
0.40290
0.11084
1.19451
0.53223
-0.08353
0.87141
1.22648
0.03393
-2.11919
0.36298
-1.10753
-1.02843
0.02945
0.20933
1.27419
-0.13223
0.60082
-0.00612
0.57057
-0.56934
-0.59936
-0.02389
-0.11521
1.59913
-0.56644
0.39473
0.52533
0.11755
0.59927
0.86921
0.95366
-0.92254
-1.53909
0.32605
1.00445
0.50958
0.20043
-1.50095
0.80082
-0.95670
0.28033
-1.98034
-2.41156
0.48431
3.07515
0.78540
-1.17474
0.47871
-0.94835
0.87522
-0.14060
-0.76657
-1.02971
0.79849
-0.41228
-0.81330
2.43206
1.51756
0.16372
-2.25311
0.50771
-0.59871
1.28546
3.97122
0.98944
-0.21134
-0.20694
-0.54600
-1.14410
1.28082
-1.47558
0.36235
1.25913
-1.00746
0.30297
0.10505
-0.85449
-1.68103
1.84884
-0.71613
-0.86452
-0.29523
0.29900
-0.97320
-0.84447
1.08414
-1.32036
1.01345
-1.29037
1.45783
-1.06461
-1.03801
0.52257
0.32402
-1.73139
0.81705
-0.22983
-0.01713
-1.09847
-0.30358
-1.79478
-0.26055
0.82059
-0.20319
1.16942
0.46307
-1.67496
-1.04781
-1.93152
-0.52132
0.85827
0.29596
-1.19208
0.80585
0.68541
0.74300
0.94871
-0.48357
1.18854
0.64219
0.00037
-0.63463
2.35806
0.92822
-0.12417
1.71796
1.59262
0.71619
-0.92619
-0.28418
-2.07926
-0.32201
1.72640
0.68053
-0.26009
1.62379
-0.24183
-1.30277
0.59896
-0.10860
0.33432
-1.07642
-0.33531
-1.51369
0.26534
-0.43812
-1.53673
-1.82947
0.80641
0.81441
-0.20405
-0.72600
-0.98038
-0.13418
0.96913
-1.18475
-1.05537
0.53554
-0.09071
1.35248
0.67577
-0.12150
0.65242
-1.01338
-1.12712
0.34366
2.45983
-1.23937
-0.45775
-0.09501
1.15122
-0.54115
0.56341
-0.88880
-0.11095
-1.13610
1.06140
-0.16240
-0.49843
-0.50713
1.12085
-0.86253
0.14939
0.03659
-0.01004
0.67673
1.65438
0.91678
-1.85573
-0.77930
-0.01842
0.56768
-0.47236
0.85178
0.90377
-0.43193
1.17637
1.28092
0.51888
-0.75215
-0.22452
-0.57944
-0.22948
1.35442
-0.94348
-0.87862
0.26045
-0.44625
1.31664
-0.64713
0.49617
0.58144
-0.64421
-0.14142
-0.53884
-0.79824
-0.64796
-1.54499
-1.87711
0.56202
-1.25677
-0.67006
1.60000
2.52115
-0.07928
0.82612
0.91467
0.33515
-0.50264
0.13277
0.66066
0.24160
0.14225
-0.12931
-1.16595
-0.27837
-0.52064
0.98779
1.10952
1.08327
0.21900
-0.40571
-1.42968
0.51260
1.35404
1.79367
-1.44248
-0.69064
0.41949
-1.15357
-1.02873
0.13910
-1.76403
-1.10834
-0.72843
0.13627
0.15948
-0.27452
-0.19046
-1.52239
1.36170
-0.33109
0.10339
-1.49702
-0.97623
0.76385
-0.81483
0.66706
-0.30890
0.62443
-0.08472
-0.35447
2.04056
1.37713
0.66701
0.16438
-0.56407
-0.69322
0.47085
1.50463
-0.97123
-1.30600
-0.98873
-0.16293
-1.94527
0.72317
0.81060
1.31218
-0.98497
0.29261
0.40355
-0.07261
-0.49893
0.04676
-1.79590
0.97353
-0.13264
1.37400
0.31143
-0.89864
1.42361
2.30102
-1.13506
-0.02823
0.11527
0.77306
0.64740
-0.83446
-0.48317
0.06848
0.02855
0.02322
0.05531
0.43302
0.86036
0.36920
-1.19054
-0.13940
0.17156
0.71012
-0.90052
-0.94512
-1.08390
1.15347
-1.66778
0.12172
1.21973
1.75951
0.05917
-1.19237
0.27263
-0.43508
0.58832
-0.85143
0.26111
-0.00605
-0.24985
0.33884
1.05809
-0.15186
0.39522
1.27244
1.44228
0.79119
1.71111
0.77087
-0.62575
-1.16277
-1.61918
-0.92290
-1.90450
-0.10796
2.22087
-0.58984
-2.96919
0.89493
-0.65370
-1.12105
1.66652
0.43528
0.58806
-0.82169
1.10966
-1.73224
0.52114
-0.71346
-0.34904
0.59231
-0.60636
0.97266
-0.96182
0.00781
1.11567
0.39114
-0.68439
-0.97655
0.13208
-0.54945
-1.71243
0.94124
0.77484
1.48102
0.06682
2.54604
1.36251
-0.07152
-0.77654
2.11775
0.99719
1.32664
0.77376
-1.35584
-2.88905
-0.33868
-0.10251
-1.71814
0.35063
-0.71737
-0.39885
0.72200
-0.58372
-1.96836
0.53403
0.94659
1.13666
1.31125
-0.43047
0.52397
0.27799
0.69057
0.10749
-0.15321
0.79157
1.00421
-0.59745
1.90421
-1.27250
1.01646
0.05491
-1.35739
2.20950
-0.42762
-0.36493
-0.97470
0.88601
3.77213
-0.35718
0.62650
-1.64549
-1.44819
0.75833
0.19762
-0.25388
0.98993
0.90647
0.18334
0.29229
-0.76890
0.36488
-0.55305
0.20366
-0.87901
0.75933
1.46246
-0.20134
0.80418
0.52678
0.46814
1.04364
0.48903
-0.67007
-0.58931
-1.75306
0.95325
-2.35456
-1.95895
-0.40849
0.28003
0.27320
1.57012
1.78273
-1.58807
0.54231
1.46600
-0.40184
0.11055
-1.38261
-0.00457
1.07842
-2.02594
0.97292
-0.24258
-2.70195
-1.80138
-0.06661
-0.25468
0.47556
0.52881
2.14932
-0.42090
-0.09743
-0.20761
-1.28819
-1.08747
-1.89072
0.84610
0.86686
0.16976
1.61101
0.42388
-1.82915
-0.43160
1.58218
-0.62569
-2.41131
-2.19059
0.00974
-0.76081
-0.29565
-0.06681
-0.98693
-0.22916
0.22609
0.48841
-0.49184
-1.01897
1.47433
-1.42836
-0.51767
0.45889
0.10688
1.04457
0.26388
0.38987
1.61793
-0.72007
-0.23968
-0.47900
0.37901
2.50607
2.09901
0.01383
-0.27497
-0.48315
-0.44597
-0.61116
1.77670
0.39490
0.18040
-1.06542
0.33788
-1.05609
-0.59203
0.89026
-1.66827
-1.93870
0.61784
0.44559
-0.08123
-1.23213
1.17403
-0.24729
0.46558
0.71604
0.47389
0.33653
0.06867
0.36181
0.01618
0.70195
1.41322
0.63259
0.07892
0.16038
-1.13235
-0.28512
-1.48602
-0.34539
1.67442
0.87706
-0.03962
-0.38678
-0.27064
0.28287
0.32547
0.13299
-0.91252
0.06071
-0.17607
0.13328
0.11078
-1.13049
-0.39195
-0.21965
-0.79275
0.94256
0.14065
1.24663
1.89588
0.70648
-0.60128
0.41099
-1.14737
1.74953
-1.63060
-0.28996
-1.09472
-0.39112
0.33477
-1.36454
0.49130
-0.44016
-0.44685
0.71360
0.72434
0.67064
-1.96408
0.81396
0.48501
-1.18654
-2.42429
-1.28349
1.89309
-0.58323
0.76522
0.21633
0.79480
0.13528
-1.08572
-0.76774
1.14100
1.60423
0.03971
-0.85701
-1.43556
-2.39043
-1.41273
0.15814
1.00055
1.05615
-0.84436
-0.22897
1.23514
0.44924
-1.70244
1.20262
0.41422
0.77718
0.75222
-0.29729
0.25426
0.97838
0.66598
2.98899
0.55632
1.24923
1.54258
-0.45428
0.49401
0.57002
0.11368
-0.14834
-0.03761
0.87549
1.04195
-1.20289
0.33089
1.64966
1.43992
-0.76612
0.55718
0.06610
0.01955
0.75285
-1.71632
0.03389
-0.52003
-0.41485
-0.92449
-0.61587
-2.30686
-0.04543
0.81157
-0.29328
-0.15747
-1.29370
-0.45223
2.47383
0.22722
-0.45624
-2.76628
0.92888
0.91563
-0.52626
0.65939
-0.56419
-0.62738
0.01251
0.89224
0.69809
-1.03993
-1.55894
-1.06892
-0.53647
0.79657
0.04530
-1.68379
1.09642
-0.84465
1.08010
-0.19601
-1.16430
0.68164
-1.98431
-0.07904
-0.03965
1.38658
-0.25688
-0.72525
0.31190
0.40081
-0.54097
0.49942
1.31690
-0.56969
1.16740
0.14518
0.03930
0.59302
0.53802
0.44110
1.28342
-0.92753
0.23514
-2.82728
-1.49046
0.36730
0.59930
2.04794
0.34527
-0.89791
2.78381
1.33433
0.33503
-1.98283
-0.81669
1.52774
-1.03892
-1.18258
-0.68223
-0.05622
1.19154
-0.14711
-0.88960
-2.12661
1.54414
-0.93862
-0.87861
0.11446
-0.85174
2.33903
-0.11408
0.44480
0.50282
-0.73081
0.70131
-0.45310
-0.66872
-1.41941
0.41945
-0.98453
-0.72408
0.69714
0.55026
0.92000
0.05491
1.95371
-0.13368
0.26131
2.84120
-1.05423
0.14433
-1.58920
-1.05478
0.17043
-0.20035
1.03367
-1.08558
0.13245
-0.86218
0.22944
1.04747
-0.56489
-1.00157
-0.61984
1.26707
-0.33932
-0.21594
0.94476
-1.62802
-0.27852
-1.07769
-1.69445
-1.54472
0.69769
-0.86674
-0.74133
-1.24633
-0.60520
-0.59125
0.32170
-0.12811
-0.44716
-0.30346
0.81642
-1.93237
-0.89341
0.47252
-1.42316
0.01373
-0.09267
-0.47293